HDHA_aux_mode3_0.,35.810233,7.799136,0.383779,-1.767572
HDHA_aux_mode3_1.,37.210706,7.799136,0.114582,-0.975320
HDHA_aux_mode3_2.,50.850594,7.799136,0.698218,-1.010463
HDHA_aux_mode9_0.,40.701627,7.799136,0.236290,-0.960343
HDHA_aux_mode9_1.,42.030393,7.799136,0.155786,-0.928259
HDHA_aux_mode9_2.,39.721538,7.799136,2.628542,-4.675998
HDHA_equmesh_mode3_0.,74.955453,7.799136,0.820854,-3.573155
HDHA_equmesh_mode3_1.,108.552878,7.799136,0.718124,-1.030801
HDHA_equmesh_mode3_2.,108.947514,7.799136,0.670514,-1.899784
HDHA_equmesh_mode9_0.,138.000344,7.799136,0.949922,-2.156980
HDHA_equmesh_mode9_1.,101.607997,7.799136,0.571850,-9.128357
HDHA_equmesh_mode9_2.,87.979902,7.799136,0.794438,0.385918
HDHA_nonaux_mode3_0.,93.701112,7.799136,0.264169,-0.215084
HDHA_nonaux_mode3_1.,86.587549,7.799136,0.866817,-3.769746
HDHA_nonaux_mode3_2.,90.262330,7.799136,0.633737,-1.035700
HDHA_nonaux_mode9_0.,98.364713,7.799136,0.761572,-3.742905
HDHA_nonaux_mode9_1.,39.260287,7.799136,0.833694,-4.018924
HDHA_nonaux_mode9_2.,86.127439,7.799136,0.593665,-1.981396
HDLA_aux_mode3_0.,73.712911,7.799136,0.524507,-0.553251
HDLA_aux_mode3_1.,118.563468,7.799136,0.172397,-1.399048
HDLA_aux_mode3_2.,73.850649,7.799136,0.335507,-2.716738
HDLA_aux_mode9_0.,67.899144,7.799136,0.804041,-0.881721
HDLA_aux_mode9_1.,59.816402,7.799136,0.497605,-0.880034
HDLA_aux_mode9_2.,66.615841,7.799136,0.389278,-1.410181
HDLA_equmesh_mode3_0.,76.945594,7.799136,0.367838,-0.923543
HDLA_equmesh_mode3_1.,68.083801,7.799136,0.510546,-1.284958
HDLA_equmesh_mode3_2.,72.693925,7.799136,0.548610,-1.181431
HDLA_equmesh_mode9_0.,67.437834,7.799136,3.107608,-5.639836
HDLA_equmesh_mode9_1.,70.664796,7.799136,0.443827,-2.920278
HDLA_equmesh_mode9_2.,58.830265,7.799136,0.599592,-5.623134
HDLA_nonaux_mode3_0.,78.051712,7.799136,0.204847,-1.403792
HDLA_nonaux_mode3_1.,62.032706,7.799136,0.854840,-1.950821
HDLA_nonaux_mode3_2.,72.447484,7.799136,0.611064,-0.967929
HDLA_nonaux_mode9_0.,68.633205,7.799136,0.644270,-4.982290
HDLA_nonaux_mode9_1.,61.330703,7.799136,0.366258,-3.271605
HDLA_nonaux_mode9_2.,76.642127,7.799136,0.573715,-2.162674
HDNA_aux_mode3_0.,47.231891,7.799136,0.365558,-0.612544
HDNA_aux_mode3_1.,36.015368,7.799136,0.400684,-1.074284
HDNA_aux_mode3_2.,32.761366,7.799136,0.505885,-3.340174
HDNA_aux_mode9_0.,36.653608,7.799136,0.411819,-2.210271
HDNA_aux_mode9_1.,26.683772,7.799136,0.382163,-3.737342
HDNA_aux_mode9_2.,34.247832,7.799136,0.244163,-4.537839
HDNA_equmesh_mode3_0.,92.027658,7.799136,0.406926,-0.847443
HDNA_equmesh_mode3_1.,48.160471,7.799136,1.088702,-2.179396
HDNA_equmesh_mode3_2.,123.174986,7.799136,0.940377,0.095652
HDNA_equmesh_mode9_0.,108.025126,7.799136,0.510259,0.567684
HDNA_equmesh_mode9_1.,128.094986,7.799136,1.301231,-1.509767
HDNA_equmesh_mode9_2.,-10.620135,7.799136,39.270521,-48.778228
HDNA_nonaux_mode3_0.,123.252884,7.799136,0.630215,-1.228328
HDNA_nonaux_mode3_1.,119.667361,7.799136,0.873680,-2.480607
HDNA_nonaux_mode3_2.,108.978517,7.799136,1.194257,-1.060809
HDNA_nonaux_mode9_0.,108.151792,7.799136,0.590531,-3.291299
HDNA_nonaux_mode9_1.,90.085248,7.799136,1.049957,-1.321043
HDNA_nonaux_mode9_2.,92.925473,7.799136,0.266356,-1.411787
LDHA_aux_mode3_0.,8.801080,7.799136,0.247055,-0.093888
LDHA_aux_mode3_1.,6.101918,7.799136,0.077239,-0.308185
LDHA_aux_mode3_2.,8.107990,7.799136,0.180971,0.110404
LDHA_aux_mode9_0.,7.894220,7.799136,0.113420,0.014297
LDHA_aux_mode9_1.,7.637518,7.799136,0.217578,0.328034
LDHA_aux_mode9_2.,6.168619,7.799136,0.135842,-0.092787
LDHA_equmesh_mode3_0.,22.108997,7.799136,0.164043,-0.966767
LDHA_equmesh_mode3_1.,29.216180,7.799136,0.146245,-0.885717
LDHA_equmesh_mode3_2.,29.774557,7.799136,0.436464,-0.848195
LDHA_equmesh_mode9_0.,36.537417,7.799136,0.252177,-0.603217
LDHA_equmesh_mode9_1.,34.418767,7.799136,0.176723,-0.732856
LDHA_equmesh_mode9_2.,37.347001,7.799136,0.308351,-0.091148
LDHA_nonaux_mode3_0.,18.836167,7.799136,0.185201,-0.653125
LDHA_nonaux_mode3_1.,22.364994,7.799136,0.099926,-1.416409
LDHA_nonaux_mode3_2.,18.995086,7.799136,0.423905,-0.746941
LDHA_nonaux_mode9_0.,14.059118,7.799136,0.237388,0.128185
LDHA_nonaux_mode9_1.,5.716763,7.799136,0.437120,-0.488790
LDHA_nonaux_mode9_3.,11.935649,7.799136,0.255404,-0.287829
LDLA_aux_mode3_0.,21.319979,7.799136,0.217159,0.100855
LDLA_aux_mode3_1.,20.310451,7.799136,0.392606,-0.318047
LDLA_aux_mode3_2.,21.312541,7.799136,0.243027,0.563696
LDLA_aux_mode9_0.,14.686944,7.799136,0.148418,-0.818699
LDLA_aux_mode9_1.,14.077366,7.799136,0.181401,-1.620976
LDLA_aux_mode9_2.,18.355763,7.799136,0.193116,-0.113970
LDLA_equmesh_mode3_0.,20.677117,7.799136,0.167452,0.039007
LDLA_equmesh_mode3_1.,21.675492,7.799136,0.223058,0.188003
LDLA_equmesh_mode3_2.,21.972011,7.799136,0.311506,-0.157477
LDLA_equmesh_mode9_0.,24.800330,7.799136,0.237955,-0.673793
LDLA_equmesh_mode9_1.,24.361713,7.799136,0.399102,0.181237
LDLA_equmesh_mode9_2.,22.435216,7.799136,0.286182,-1.557951
LDLA_nonaux_mode3_0.,10.968004,7.799136,0.258953,-1.569018
LDLA_nonaux_mode3_1.,6.886227,7.799136,0.175911,-1.025379
LDLA_nonaux_mode3_2.,19.714506,7.799136,0.329757,-0.229610
LDLA_nonaux_mode9_0.,13.064999,7.799136,0.209494,-0.244635
LDLA_nonaux_mode9_1.,16.728625,7.799136,0.320745,-1.107270
LDLA_nonaux_mode9_2.,14.428213,7.799136,0.106190,-1.178376
LDNA_aux_mode3_0.,9.360842,7.799136,0.273878,-0.426441
LDNA_aux_mode3_1.,8.839334,7.799136,0.186838,-0.318765
LDNA_aux_mode3_2.,8.900238,7.799136,0.193636,-0.846593
LDNA_aux_mode9_0.,6.824380,7.799136,0.619923,-0.055434
LDNA_aux_mode9_1.,9.605091,7.799136,0.298605,-0.265496
LDNA_aux_mode9_2.,8.082318,7.799136,0.258270,-0.317081
LDNA_equmesh_mode3_0.,27.978754,7.799136,0.316923,0.017499
LDNA_equmesh_mode3_1.,23.044462,7.799136,0.179274,-0.121435
LDNA_equmesh_mode3_2.,26.941187,7.799136,0.550765,-0.002804
LDNA_equmesh_mode9_0.,25.580273,7.799136,0.317907,-0.159980
LDNA_equmesh_mode9_1.,23.299222,7.799136,0.294420,-0.524873
LDNA_equmesh_mode9_2.,27.271205,7.799136,0.217491,0.345490
LDNA_nonaux_mode3_0.,11.351439,7.799136,0.751988,-1.870966
LDNA_nonaux_mode3_1.,11.359345,7.799136,0.172330,-1.022679
LDNA_nonaux_mode3_2.,9.789213,7.799136,0.397027,-1.078843
LDNA_nonaux_mode9_0.,8.017942,7.799136,0.321033,-0.178019
LDNA_nonaux_mode9_1.,6.325327,7.799136,0.726735,0.078597
LDNA_nonaux_mode9_2.,5.019093,7.799136,0.482751,-1.591451
