HDHA_aux_mode3_0.,35.810233,-18.550684,0.376004,-0.509940
HDHA_aux_mode3_1.,37.210706,-18.718416,0.240394,-0.538078
HDHA_aux_mode3_2.,50.850594,-26.625747,0.541569,-0.198138
HDHA_aux_mode9_0.,40.701627,-20.562639,0.112148,-0.293142
HDHA_aux_mode9_1.,42.030393,-20.947796,0.107602,-0.426834
HDHA_aux_mode9_2.,39.721538,-23.999173,2.790463,3.989402
HDHA_equmesh_mode3_0.,74.955453,-35.290121,0.535220,-0.804521
HDHA_equmesh_mode3_1.,108.552878,-46.728284,0.798054,-2.496887
HDHA_equmesh_mode3_2.,108.947514,-47.073315,0.772955,-2.182295
HDHA_equmesh_mode9_0.,138.000344,-67.600364,0.919331,-4.873355
HDHA_equmesh_mode9_1.,101.607997,-54.070052,0.974410,-3.899496
HDHA_equmesh_mode9_2.,87.979902,-41.288662,1.033041,-4.994967
HDHA_nonaux_mode3_0.,93.701112,-44.884705,0.410871,-3.740756
HDHA_nonaux_mode3_1.,86.587549,-44.048067,0.850117,-2.244474
HDHA_nonaux_mode3_2.,90.262330,-43.709994,0.635542,-3.579626
HDHA_nonaux_mode9_0.,98.364713,-50.488499,0.798944,-1.945755
HDHA_nonaux_mode9_1.,39.260287,-22.909038,0.931188,1.919829
HDHA_nonaux_mode9_2.,86.127439,-43.804741,0.683141,-1.361147
HDLA_aux_mode3_0.,73.712911,-30.321080,0.283875,-1.913842
HDLA_aux_mode3_1.,118.563468,-57.478785,0.293426,-4.793300
HDLA_aux_mode3_2.,73.850649,-37.693376,0.301243,-0.544980
HDLA_aux_mode9_0.,67.899144,-33.524362,0.633474,-1.402743
HDLA_aux_mode9_1.,59.816402,-30.000299,0.369881,-0.274309
HDLA_aux_mode9_2.,66.615841,-33.292044,0.584854,-1.593446
HDLA_equmesh_mode3_0.,76.945594,-37.360239,0.469991,-2.591449
HDLA_equmesh_mode3_1.,68.083801,-31.775424,0.635512,-1.236573
HDLA_equmesh_mode3_2.,72.693925,-34.278808,0.643885,-1.179879
HDLA_equmesh_mode9_0.,67.437834,-35.291288,3.117775,-2.049184
HDLA_equmesh_mode9_1.,70.664796,-35.370971,0.423825,-2.728775
HDLA_equmesh_mode9_2.,58.830265,-32.393526,0.801358,0.363654
HDLA_nonaux_mode3_0.,78.051712,-38.730379,0.281747,-1.953579
HDLA_nonaux_mode3_1.,62.032706,-31.204038,1.019460,-1.276695
HDLA_nonaux_mode3_2.,72.447484,-35.482993,0.741030,-1.747460
HDLA_nonaux_mode9_0.,68.633205,-36.169329,0.596537,-1.801559
HDLA_nonaux_mode9_1.,61.330703,-31.490616,0.220115,-2.575507
HDLA_nonaux_mode9_2.,76.642127,-38.929624,0.382098,-1.058866
HDNA_aux_mode3_0.,47.231891,-23.641314,0.330211,-0.351596
HDNA_aux_mode3_1.,36.015368,-18.691028,0.445504,0.075108
HDNA_aux_mode3_2.,32.761366,-19.441932,0.413549,3.241932
HDNA_aux_mode9_0.,36.653608,-19.395010,0.268833,0.248114
HDNA_aux_mode9_1.,26.683772,-15.031937,0.623799,-0.200515
HDNA_aux_mode9_2.,34.247832,-20.595561,0.216122,2.626586
HDNA_equmesh_mode3_0.,92.027658,-43.345637,0.438521,-1.943949
HDNA_equmesh_mode3_1.,48.160471,-23.278536,0.802630,0.374033
HDNA_equmesh_mode3_2.,123.174986,-54.390587,0.484356,-3.757402
HDNA_equmesh_mode9_0.,108.025126,-51.207772,0.785520,-4.731267
HDNA_equmesh_mode9_1.,128.094986,-63.197709,1.608347,-2.370106
HDNA_equmesh_mode9_2.,-10.620135,-34.749358,39.454866,34.440675
HDNA_nonaux_mode3_0.,123.252884,-60.709222,1.434969,-4.678422
HDNA_nonaux_mode3_1.,119.667361,-59.642264,0.853735,-3.745361
HDNA_nonaux_mode3_2.,108.978517,-53.741921,1.083345,-2.227021
HDNA_nonaux_mode9_0.,108.151792,-54.451054,0.576704,-3.263658
HDNA_nonaux_mode9_1.,90.085248,-45.082968,0.963468,-1.039450
HDNA_nonaux_mode9_2.,92.925473,-45.482350,0.406427,-4.008970
LDHA_aux_mode3_0.,8.801080,-4.407212,0.237315,-0.099457
LDHA_aux_mode3_1.,6.101918,-3.193746,0.126953,0.137674
LDHA_aux_mode3_2.,8.107990,-3.914341,0.199696,0.063496
LDHA_aux_mode9_0.,7.894220,-3.887411,0.167919,0.019938
LDHA_aux_mode9_1.,7.637518,-3.381642,0.215874,-0.297938
LDHA_aux_mode9_2.,6.168619,-3.008965,0.370402,-0.058763
LDHA_equmesh_mode3_0.,22.108997,-11.125975,0.252924,-1.263118
LDHA_equmesh_mode3_1.,29.216180,-14.490779,0.249627,-0.824079
LDHA_equmesh_mode3_2.,29.774557,-14.908789,0.510024,-0.138128
LDHA_equmesh_mode9_0.,36.537417,-18.235856,0.280117,-0.699081
LDHA_equmesh_mode9_1.,34.418767,-17.162357,0.186983,-0.828371
LDHA_equmesh_mode9_2.,37.347001,-17.176640,0.169798,-3.077781
LDHA_nonaux_mode3_0.,18.836167,-9.416387,0.015763,-0.206113
LDHA_nonaux_mode3_1.,22.364994,-12.067026,0.217588,0.594030
LDHA_nonaux_mode3_2.,18.995086,-9.864434,0.279136,0.295230
LDHA_nonaux_mode9_0.,14.059118,-6.710147,0.213824,-0.210925
LDHA_nonaux_mode9_1.,5.716763,-3.209365,0.494239,0.330377
LDHA_nonaux_mode9_3.,11.935649,-5.927432,0.193459,0.083873
LDLA_aux_mode3_0.,21.319979,-10.035069,0.435107,-0.565581
LDLA_aux_mode3_1.,20.310451,-9.918189,0.293676,-0.020867
LDLA_aux_mode3_2.,21.312541,-9.777315,0.079128,-0.741822
LDLA_aux_mode9_0.,14.686944,-7.935239,0.345848,0.214646
LDLA_aux_mode9_1.,14.077366,-8.149952,0.201158,0.431813
LDLA_aux_mode9_2.,18.355763,-9.117180,0.303857,-0.371980
LDLA_equmesh_mode3_0.,20.677117,-10.103651,0.201197,-0.315053
LDLA_equmesh_mode3_1.,21.675492,-10.132301,0.244836,-1.181089
LDLA_equmesh_mode3_2.,21.972011,-10.761259,0.448835,-0.269102
LDLA_equmesh_mode9_0.,24.800330,-12.943135,0.189322,0.449619
LDLA_equmesh_mode9_1.,24.361713,-11.734710,0.292759,-1.082145
LDLA_equmesh_mode9_2.,22.435216,-11.902996,0.397586,-0.618087
LDLA_nonaux_mode3_0.,10.968004,-6.279558,0.269468,0.298404
LDLA_nonaux_mode3_1.,6.886227,-4.821685,0.394273,0.364735
LDLA_nonaux_mode3_2.,19.714506,-9.917629,0.421151,-0.048049
LDLA_nonaux_mode9_0.,13.064999,-6.981483,0.152878,0.029770
LDLA_nonaux_mode9_1.,16.728625,-8.828298,0.182269,-0.115354
LDLA_nonaux_mode9_2.,14.428213,-8.149826,0.191148,-0.004785
LDNA_aux_mode3_0.,9.360842,-5.030530,0.366462,0.570551
LDNA_aux_mode3_1.,8.839334,-4.375684,0.257851,0.000083
LDNA_aux_mode3_2.,8.900238,-5.247894,0.303986,0.594804
LDNA_aux_mode9_0.,6.824380,-2.758397,0.636412,-0.993015
LDNA_aux_mode9_1.,9.605091,-4.797496,0.385823,0.087399
LDNA_aux_mode9_2.,8.082318,-3.863470,0.306295,-0.330322
LDNA_equmesh_mode3_0.,27.978754,-13.367239,0.231284,-0.972771
LDNA_equmesh_mode3_1.,23.044462,-10.832567,0.212048,-1.296080
LDNA_equmesh_mode3_2.,26.941187,-13.034246,0.361266,-0.798523
LDNA_equmesh_mode9_0.,25.580273,-11.978512,0.172936,-1.229754
LDNA_equmesh_mode9_1.,23.299222,-11.881048,0.251433,0.205275
LDNA_equmesh_mode9_2.,27.271205,-12.723171,0.319750,-1.225546
LDNA_nonaux_mode3_0.,11.351439,-6.748245,0.645476,0.314523
LDNA_nonaux_mode3_1.,11.359345,-6.262162,0.290525,0.402945
LDNA_nonaux_mode3_2.,9.789213,-5.520349,0.419821,0.302371
LDNA_nonaux_mode9_0.,8.017942,-4.457375,0.417532,0.590708
LDNA_nonaux_mode9_1.,6.325327,-2.742749,0.703015,-0.459334
LDNA_nonaux_mode9_2.,5.019093,-4.237138,0.333172,1.188592
