59.55,9.2846,10.137
59.084,8.8538,10.144
58.552,8.5171,10.136
57.937,8.4482,10.082
57.366,8.6942,9.9807
56.888,9.0914,9.8628
56.446,9.5277,9.7407
55.993,9.9531,9.6181
55.478,10.303,9.5008
54.874,10.412,9.4158
54.284,10.194,9.3933
53.791,9.8001,9.4188
53.34,9.3577,9.4635
52.882,8.9232,9.5122
52.363,8.5594,9.5468
51.756,8.4353,9.5274
51.17,8.6381,9.4389
50.681,9.0205,9.3171
50.237,9.4533,9.1872
49.79,9.8827,9.0577
49.291,10.254,8.9373
48.695,10.417,8.8561
48.095,10.25,8.8508
47.587,9.8731,8.9043
47.136,9.4364,8.9805
46.684,8.9991,9.0621
46.186,8.6169,9.1323
45.588,8.4298,9.1511
44.989,8.5805,9.0833
44.483,8.9437,8.9647
44.035,9.3717,8.8329
43.592,9.8051,8.7013
43.109,10.194,8.5808
42.528,10.416,8.4997
41.915,10.301,8.5049
41.394,9.9518,8.577
40.939,9.5226,8.6763
40.494,9.0845,8.7825
40.011,8.6863,8.8809
39.438,8.4389,8.9382
38.822,8.5266,8.9015
38.298,8.8601,8.7982
37.842,9.2823,8.6734
37.401,9.7191,8.5474
36.926,10.123,8.4327
36.367,10.396,8.3549
35.746,10.351,8.3632
35.211,10.033,8.4468
34.751,9.6176,8.5597
34.307,9.1765,8.6826
33.837,8.7654,8.7999
33.289,8.4724,8.8864
32.669,8.475,8.8905
32.12,8.7772,8.8106
31.654,9.1879,8.7026
31.211,9.6286,8.5899
30.746,10.047,8.4878
30.2,10.357,8.4197
29.584,10.391,8.428
29.025,10.108,8.5183
28.556,9.7028,8.6392
28.115,9.266,8.7696
27.66,8.8458,8.898
27.129,8.5174,9.006
26.514,8.4452,9.0492
25.941,8.6994,9.0053
25.46,9.1033,8.9216
25.013,9.5445,8.8314
24.555,9.9726,8.7495
24.028,10.318,8.696
23.414,10.414,8.7109
22.843,10.178,8.8029
22.359,9.7851,8.9267
21.916,9.3492,9.0587
21.466,8.9237,9.1891
20.962,8.5658,9.3073
20.356,8.4303,9.3793
19.766,8.6326,9.3722
19.265,9.0184,9.3211
18.815,9.4589,9.2593
18.359,9.8965,9.2039
17.848,10.264,9.1737
17.244,10.424,9.1986
16.654,10.236,9.2925
16.159,9.8614,9.4134
15.715,9.4275,9.54
15.271,8.9942,9.6656
14.774,8.6208,9.7835
14.184,8.4341,9.8739
13.576,8.5766,9.9064
13.065,8.9456,9.8936
12.608,9.3836,9.8698
12.155,9.8252,9.8512
11.655,10.217,9.8524
11.067,10.416,9.8984
10.462,10.285,9.9959
9.9527,9.93,10.11
9.5009,9.5008,10.225
9.0563,9.0643,10.338
8.5727,8.6702,10.447
59.559,12.698,9.6884
59.104,13.121,9.5651
58.587,13.459,9.4418
57.98,13.549,9.3362
57.399,13.319,9.2795
56.91,12.92,9.2649
56.459,12.476,9.2681
55.998,12.043,9.2744
55.475,11.687,9.2664
54.869,11.578,9.212
54.287,11.795,9.1073
53.802,12.18,8.9847
53.359,12.614,8.8583
52.911,13.042,8.7323
52.408,13.409,8.6105
51.815,13.563,8.5162
51.218,13.38,8.4835
50.712,13,8.501
50.259,12.56,8.5404
49.805,12.122,8.5849
49.298,11.743,8.6179
48.701,11.567,8.6053
48.108,11.735,8.5221
47.605,12.103,8.404
47.158,12.532,8.2781
46.714,12.965,8.1527
46.226,13.348,8.0359
45.641,13.562,7.9484
45.036,13.435,7.9332
44.516,13.076,7.9766
44.06,12.644,8.0444
43.612,12.203,8.1195
43.123,11.809,8.186
42.538,11.577,8.2138
41.929,11.679,8.1626
41.413,12.025,8.0586
40.958,12.449,7.9406
40.516,12.886,7.8223
40.038,13.286,7.714
39.469,13.54,7.6382
38.85,13.48,7.6344
38.32,13.149,7.698
37.858,12.725,7.7882
37.414,12.285,7.8864
36.94,11.876,7.9805
36.382,11.599,8.0442
35.761,11.633,8.0316
35.222,11.947,7.9517
34.758,12.367,7.8489
34.316,12.806,7.7446
33.846,13.222,7.6497
33.297,13.517,7.5866
32.676,13.513,7.5961
32.124,13.218,7.6735
31.659,12.807,7.7789
31.216,12.368,7.8933
30.753,11.95,8.0055
30.214,11.633,8.0974
29.599,11.603,8.1236
29.033,11.878,8.0765
28.555,12.283,7.999
28.111,12.727,7.915
27.649,13.152,7.8403
27.111,13.484,7.7943
26.498,13.544,7.815
25.932,13.283,7.9045
25.455,12.884,8.0206
25.014,12.446,8.1447
24.561,12.024,8.2676
24.04,11.681,8.3784
23.432,11.575,8.4429
22.853,11.807,8.4323
22.361,12.205,8.3833
21.912,12.651,8.3259
21.453,13.083,8.2773
20.934,13.435,8.2549
20.321,13.56,8.2894
19.744,13.348,8.3867
19.256,12.962,8.5087
18.813,12.523,8.6366
18.366,12.093,8.7639
17.867,11.734,8.883
17.267,11.574,8.9754
16.67,11.744,9.0081
16.165,12.124,8.9974
15.711,12.563,8.9763
15.256,13.003,8.961
14.752,13.384,8.9674
14.157,13.558,9.0226
13.559,13.404,9.1293
13.059,13.041,9.2525
12.611,12.611,9.3772
12.167,12.178,9.501
11.681,11.79,9.6232
11.106,11.576,9.7334
10.495,11.691,9.8063
9.9739,12.043,9.8407
9.5139,12.477,9.862
9.0632,12.92,9.8873
8.5742,13.319,9.9301
59.551,15.569,9.3608
59.087,15.14,9.3248
58.559,14.803,9.2729
57.949,14.729,9.1809
57.38,14.969,9.0589
56.902,15.361,8.9323
56.46,15.796,8.8059
56.01,16.221,8.6794
55.501,16.575,8.5529
54.904,16.7,8.4434
54.313,16.495,8.3816
53.816,16.107,8.3639
53.363,15.664,8.3658
52.906,15.228,8.3718
52.391,14.858,8.3651
51.791,14.709,8.3165
51.205,14.902,8.2151
50.71,15.277,8.0947
50.264,15.709,7.9712
49.819,16.141,7.8488
49.322,16.517,7.7311
48.736,16.707,7.6358
48.136,16.555,7.5986
47.621,16.185,7.6114
47.164,15.749,7.6464
46.713,15.307,7.6878
46.215,14.92,7.7198
45.622,14.714,7.7134
45.021,14.845,7.643
44.511,15.204,7.5358
44.059,15.631,7.4215
43.615,16.068,7.3081
43.132,16.46,7.2029
42.552,16.69,7.1243
41.939,16.599,7.1067
41.415,16.252,7.1461
40.955,15.822,7.2088
40.507,15.381,7.2787
40.025,14.978,7.3435
39.45,14.731,7.376
38.831,14.803,7.3422
38.305,15.136,7.258
37.846,15.562,7.159
37.402,16.001,7.0607
36.925,16.409,6.9713
36.365,16.679,6.9111
35.743,16.63,6.9155
35.203,16.316,6.9759
34.739,15.899,7.0602
34.296,15.451,7.1542
33.824,15.037,7.2449
33.272,14.748,7.3128
32.653,14.768,7.3176
32.103,15.073,7.2631
31.633,15.486,7.1876
31.189,15.932,7.1087
30.719,16.35,7.0401
30.168,16.656,7.0002
29.553,16.663,7.0234
28.998,16.37,7.1046
28.529,15.961,7.2068
28.087,15.521,7.3166
27.625,15.103,7.4251
27.087,14.783,7.5203
26.474,14.735,7.5663
25.908,15.008,7.5469
25.428,15.418,7.499
24.981,15.864,7.4461
24.516,16.288,7.4035
23.978,16.618,7.3886
23.362,16.688,7.4303
22.8,16.433,7.5266
22.322,16.032,7.6423
21.881,15.591,7.7631
21.428,15.168,7.8833
20.911,14.828,7.9961
20.301,14.718,8.0785
19.72,14.941,8.1014
19.227,15.339,8.0891
18.776,15.782,8.07
18.317,16.218,8.0582
17.799,16.576,8.0713
17.19,16.697,8.1367
16.609,16.494,8.2475
16.122,16.111,8.3719
15.678,15.678,8.4976
15.231,15.249,8.6237
14.734,14.88,8.7485
14.143,14.716,8.8584
13.542,14.88,8.9269
13.036,15.254,8.9575
12.581,15.693,8.9772
12.128,16.133,9.0024
11.626,16.517,9.048
11.04,16.704,9.1353
10.444,16.558,9.2621
9.9396,16.202,9.3933
9.4909,15.774,9.5204
9.0484,15.34,9.6463
8.5672,14.95,9.7746
59.56,18.98,9.0349
59.107,19.402,8.9041
58.594,19.739,8.7689
57.992,19.834,8.6388
57.413,19.611,8.5461
56.924,19.216,8.4925
56.473,18.774,8.4564
56.015,18.34,8.4235
55.497,17.981,8.3773
54.896,17.86,8.2931
54.313,18.062,8.1747
53.825,18.443,8.0501
53.381,18.876,7.9266
52.934,19.305,7.8041
52.435,19.677,7.682
51.847,19.844,7.5739
51.248,19.681,7.5083
50.739,19.307,7.4875
50.284,18.868,7.4878
49.83,18.428,7.4935
49.328,18.042,7.4904
48.736,17.852,7.4517
48.139,18.002,7.3627
47.631,18.363,7.2523
47.181,18.792,7.1394
46.736,19.228,7.0282
46.251,19.617,6.9221
45.671,19.843,6.8336
45.064,19.731,6.7956
44.538,19.378,6.8049
44.079,18.946,6.8365
43.629,18.503,6.8754
43.141,18.105,6.9085
42.56,17.862,6.913
41.95,17.953,6.8608
41.428,18.295,6.7726
40.97,18.72,6.6764
40.526,19.16,6.5814
40.046,19.563,6.494
39.479,19.823,6.429
38.86,19.768,6.4155
38.327,19.438,6.4526
37.862,19.012,6.5114
37.416,18.57,6.5776
36.938,18.159,6.6416
36.376,17.886,6.6832
35.755,17.918,6.6721
35.217,18.236,6.6125
34.75,18.658,6.5381
34.305,19.1,6.4638
33.831,19.515,6.398
33.276,19.802,6.3579
32.655,19.794,6.3702
32.107,19.489,6.4323
31.642,19.074,6.514
31.196,18.631,6.603
30.729,18.213,6.6919
30.183,17.907,6.7668
29.565,17.895,6.7949
29.002,18.179,6.7711
28.526,18.589,6.7252
28.082,19.038,6.6751
27.616,19.462,6.6348
27.07,19.783,6.6204
26.456,19.813,6.6598
25.895,19.541,6.7444
25.419,19.138,6.8455
24.977,18.697,6.9522
24.52,18.275,7.0594
23.993,17.941,7.1606
23.382,17.868,7.2291
22.81,18.12,7.2441
22.322,18.524,7.2312
21.871,18.972,7.2127
21.408,19.401,7.2034
20.882,19.741,7.2191
20.269,19.838,7.2831
19.701,19.603,7.3886
19.219,19.21,7.5059
18.779,18.772,7.625
18.328,18.344,7.7456
17.819,17.993,7.8652
17.217,17.857,7.9701
16.628,18.052,8.0314
16.13,18.439,8.0585
15.677,18.88,8.0771
15.222,19.318,8.1018
14.713,19.689,8.1483
14.117,19.841,8.2385
13.528,19.67,8.3645
13.033,19.301,8.4943
12.588,18.871,8.6219
12.144,18.439,8.7496
11.655,18.058,8.881
11.081,17.857,9.0115
10.477,17.982,9.1186
9.9614,18.337,9.1919
9.5043,18.77,9.2519
9.0556,19.211,9.3153
8.569,19.606,9.3965
59.553,21.855,8.807
59.092,21.427,8.7357
58.568,21.09,8.6491
57.964,21.01,8.5292
57.395,21.242,8.3931
56.916,21.631,8.2627
56.474,22.066,8.1371
56.024,22.492,8.0118
55.518,22.849,7.8827
54.927,22.989,7.7578
54.337,22.791,7.6662
53.838,22.41,7.6123
53.385,21.969,7.5773
52.931,21.531,7.5469
52.42,21.159,7.5055
51.825,20.992,7.4324
51.235,21.165,7.3242
50.737,21.537,7.2086
50.288,21.968,7.0954
49.843,22.403,6.9842
49.35,22.784,6.8748
48.765,22.981,6.7757
48.162,22.854,6.713
47.644,22.489,6.6921
47.186,22.053,6.6912
46.734,21.611,6.6968
46.241,21.217,6.6965
45.652,21.004,6.667
45.047,21.116,6.5953
44.529,21.469,6.5016
44.075,21.898,6.4061
43.629,22.337,6.3129
43.147,22.734,6.2253
42.57,22.973,6.1534
41.955,22.888,6.1219
41.427,22.546,6.1323
40.964,22.115,6.1624
40.515,21.671,6.1993
40.031,21.265,6.2336
39.459,21.012,6.2461
38.84,21.085,6.2122
38.308,21.413,6.1474
37.844,21.837,6.0742
37.401,22.283,6.0022
36.923,22.693,5.9379
36.361,22.964,5.894
35.74,22.912,5.8945
35.201,22.594,5.9337
34.735,22.175,5.9904
34.288,21.726,6.0549
33.812,21.312,6.1185
33.256,21.027,6.1678
32.637,21.056,6.1749
32.089,21.367,6.1422
31.62,21.785,6.0961
31.173,22.232,6.0493
30.698,22.649,6.0118
30.143,22.947,5.9973
29.528,22.939,6.028
28.976,22.637,6.0961
28.506,22.222,6.1774
28.063,21.779,6.2642
27.596,21.363,6.352
27.05,21.053,6.4335
26.436,21.027,6.4827
25.876,21.314,6.4875
25.398,21.729,6.4726
24.95,22.178,6.4555
24.481,22.599,6.4484
23.937,22.917,6.4659
23.321,22.962,6.5269
22.765,22.692,6.6208
22.29,22.284,6.724
21.847,21.84,6.8302
21.389,21.42,6.9378
20.865,21.092,7.0446
20.253,21.006,7.1352
19.681,21.251,7.1836
19.193,21.654,7.206
18.743,22.098,7.2235
18.282,22.531,7.2487
17.759,22.878,7.2973
17.15,22.976,7.389
16.576,22.756,7.5083
16.093,22.367,7.6299
15.65,21.933,7.7507
15.201,21.505,7.8732
14.698,21.144,8.0002
14.106,21,8.1242
13.513,21.179,8.2204
13.013,21.558,8.285
12.561,21.997,8.3398
12.108,22.433,8.3999
11.606,22.812,8.4802
11.022,22.988,8.5978
10.432,22.835,8.743
9.9315,22.478,8.8831
9.4843,22.051,9.0163
9.0428,21.618,9.1493
8.563,21.231,9.2891
59.56,25.263,8.5975
59.107,25.684,8.466
58.595,26.022,8.3265
57.997,26.118,8.1821
57.421,25.899,8.0635
56.932,25.508,7.9789
56.484,25.068,7.9108
56.028,24.635,7.8453
55.515,24.274,7.7678
54.92,24.135,7.6617
54.336,24.333,7.5349
53.845,24.708,7.4136
53.398,25.141,7.2982
52.951,25.574,7.185
52.453,25.947,7.0692
51.869,26.131,6.9552
51.271,25.977,6.8672
50.761,25.608,6.8142
50.304,25.172,6.7799
49.853,24.73,6.7515
49.354,24.342,6.7163
48.765,24.143,6.6551
48.165,24.269,6.5642
47.652,24.628,6.4647
47.199,25.057,6.3685
46.753,25.496,6.2754
46.268,25.89,6.1849
45.69,26.123,6.1014
45.082,26.024,6.047
44.55,25.68,6.0261
44.089,25.25,6.0244
43.643,24.801,6.0306
43.158,24.397,6.0334
42.581,24.147,6.0169
41.968,24.234,5.9644
41.439,24.568,5.8936
40.977,24.993,5.8206
40.532,25.437,5.7502
40.051,25.842,5.6852
39.486,26.109,5.6331
38.867,26.051,5.6129
38.331,25.723,5.6253
37.864,25.297,5.6542
37.417,24.851,5.6898
36.935,24.441,5.7248
36.374,24.165,5.7473
35.753,24.202,5.7367
35.215,24.521,5.6977
34.75,24.943,5.6513
34.302,25.392,5.6059
33.822,25.805,5.5687
33.263,26.089,5.5492
32.644,26.075,5.563
32.097,25.763,5.6074
31.631,25.344,5.6639
31.186,24.896,5.7264
30.712,24.483,5.7901
30.159,24.187,5.8476
29.542,24.178,5.8791
28.986,24.479,5.8765
28.514,24.898,5.8605
28.068,25.348,5.844
27.596,25.766,5.837
27.043,26.071,5.8513
26.426,26.093,5.9003
25.871,25.808,5.9753
25.398,25.395,6.0578
24.951,24.952,6.1438
24.491,24.532,6.2323
23.956,24.211,6.3214
23.339,24.162,6.3944
22.774,24.425,6.4334
22.292,24.837,6.4525
21.843,25.281,6.4691
21.378,25.71,6.4937
20.847,26.043,6.54
20.232,26.108,6.6241
19.667,25.863,6.7285
19.187,25.464,6.8351
18.743,25.027,6.9417
18.289,24.6,7.0516
17.777,24.253,7.1665
17.173,24.146,7.2788
16.591,24.36,7.3631
16.099,24.751,7.4214
15.649,25.193,7.4726
15.192,25.626,7.5305
14.682,25.989,7.6085
14.087,26.127,7.7223
13.503,25.938,7.8576
13.012,25.565,7.9866
12.567,25.133,8.1111
12.122,24.702,8.2371
11.63,24.326,8.3715
11.055,24.136,8.5152
10.459,24.275,8.6466
9.9486,24.631,8.7496
9.4948,25.063,8.8398
9.0485,25.501,8.9328
8.5643,25.892,9.0429
59.556,28.14,8.4662
59.097,27.715,8.3686
58.578,27.377,8.2566
57.978,27.292,8.1182
57.408,27.516,7.9758
56.927,27.904,7.8482
56.484,28.339,7.7293
56.033,28.767,7.6114
55.529,29.128,7.4872
54.939,29.27,7.3567
54.35,29.083,7.244
53.851,28.706,7.1623
53.4,28.267,7.0972
52.947,27.83,7.0362
52.442,27.453,6.9667
51.854,27.275,6.8746
51.261,27.436,6.7638
50.756,27.802,6.6582
50.305,28.234,6.56
49.858,28.672,6.4654
49.365,29.057,6.3697
48.785,29.269,6.2736
48.182,29.147,6.1954
47.662,28.787,6.1455
47.203,28.354,6.1123
46.753,27.91,6.0855
46.262,27.515,6.055
45.677,27.288,6.0064
45.072,27.387,5.935
44.549,27.737,5.8571
44.091,28.166,5.7833
43.643,28.607,5.7132
43.161,29.008,5.6463
42.584,29.251,5.5846
41.969,29.178,5.5424
41.439,28.839,5.5265
40.975,28.408,5.5252
40.525,27.964,5.5303
40.042,27.556,5.5353
39.471,27.298,5.5282
38.851,27.363,5.4967
38.316,27.689,5.4513
37.85,28.115,5.4043
37.405,28.563,5.3603
36.925,28.975,5.3219
36.363,29.247,5.295
35.742,29.196,5.2914
35.202,28.877,5.3091
34.735,28.456,5.338
34.286,28.007,5.373
33.807,27.592,5.4097
33.249,27.309,5.4409
32.631,27.34,5.4512
32.083,27.655,5.4406
31.614,28.076,5.4237
31.166,28.524,5.4085
30.689,28.939,5.4011
30.13,29.231,5.4096
29.515,29.221,5.4434
28.965,28.912,5.4955
28.496,28.492,5.5534
28.051,28.046,5.6152
27.58,27.632,5.6803
27.027,27.332,5.7466
26.411,27.317,5.7998
25.856,27.611,5.8281
25.38,28.029,5.8442
24.93,28.476,5.8605
24.463,28.897,5.8845
23.918,29.209,5.928
23.299,29.237,5.9999
22.744,28.961,6.0844
22.269,28.549,6.1698
21.825,28.108,6.2563
21.363,27.685,6.3472
20.834,27.359,6.4443
20.22,27.301,6.539
19.653,27.553,6.6095
19.169,27.96,6.6615
18.721,28.403,6.7101
18.259,28.832,6.7663
17.736,29.172,6.8419
17.129,29.257,6.9491
16.557,29.025,7.0676
16.075,28.633,7.1798
15.631,28.196,7.2894
15.179,27.769,7.4027
14.672,27.413,7.5258
14.08,27.28,7.6574
13.493,27.475,7.7739
12.998,27.854,7.8653
12.549,28.292,7.9483
12.098,28.726,8.0361
11.597,29.1,8.1424
11.016,29.273,8.2797
10.429,29.117,8.4332
9.9293,28.759,8.574
9.4818,28.331,8.7058
9.0402,27.899,8.8383
8.5605,27.513,8.9816
59.559,31.547,8.3701
59.105,31.97,8.245
58.591,32.307,8.1091
57.994,32.4,7.9595
57.421,32.183,7.8249
56.936,31.794,7.7182
56.489,31.356,7.6254
56.036,30.925,7.5349
55.527,30.562,7.4343
54.935,30.423,7.3125
54.348,30.608,7.1848
53.854,30.982,7.0731
53.406,31.417,6.9718
52.957,31.851,6.8737
52.458,32.23,6.7709
51.875,32.411,6.6604
51.276,32.262,6.5581
50.767,31.898,6.4803
50.312,31.462,6.4177
49.861,31.023,6.3601
49.366,30.632,6.298
48.784,30.421,6.2202
48.182,30.547,6.1296
47.664,30.901,6.0451
47.208,31.332,5.9697
46.76,31.772,5.8985
46.273,32.168,5.8277
45.695,32.406,5.754
45.088,32.306,5.6893
44.559,31.962,5.6436
44.098,31.531,5.6117
43.648,31.087,5.5857
43.162,30.685,5.5592
42.586,30.432,5.5227
41.974,30.511,5.4721
41.445,30.848,5.4196
40.981,31.276,5.3716
40.533,31.72,5.3279
40.05,32.126,5.2876
39.482,32.389,5.251
38.863,32.335,5.2248
38.329,32.005,5.2142
37.861,31.578,5.2134
37.412,31.133,5.2182
36.931,30.72,5.2252
36.367,30.451,5.2282
35.744,30.489,5.2193
35.205,30.811,5.2015
34.737,31.237,5.1832
34.288,31.682,5.1685
33.81,32.098,5.1594
33.252,32.381,5.1597
32.632,32.347,5.1744
32.082,32.037,5.1993
31.612,31.619,5.2294
31.166,31.17,5.2638
30.692,30.753,5.3021
30.136,30.458,5.3428
29.521,30.471,5.3758
28.967,30.777,5.3956
28.495,31.195,5.4097
28.047,31.643,5.4253
27.574,32.06,5.4481
27.02,32.363,5.4852
26.406,32.372,5.5394
25.854,32.076,5.5998
25.381,31.659,5.66
24.936,31.212,5.7221
24.468,30.795,5.7893
23.924,30.486,5.8643
23.308,30.449,5.9398
22.75,30.726,5.9987
22.271,31.139,6.0461
21.823,31.583,6.0927
21.359,32.009,6.1463
20.826,32.335,6.2168
20.21,32.388,6.3103
19.648,32.133,6.4064
19.168,31.729,6.4963
18.723,31.289,6.5849
18.264,30.863,6.6788
17.746,30.523,6.7835
17.14,30.433,6.8986
16.565,30.66,7.0005
16.078,31.054,7.0839
15.631,31.494,7.162
15.175,31.924,7.2462
14.664,32.281,7.3476
14.071,32.409,7.4754
13.489,32.213,7.6103
12.998,31.836,7.731
12.552,31.402,7.8454
12.105,30.971,7.9628
11.61,30.598,8.0931
11.033,30.418,8.2417
10.442,30.567,8.3889
9.9376,30.924,8.5131
9.487,31.354,8.6256
9.043,31.789,8.7402
8.5613,32.177,8.87
59.558,34.426,8.337
59.103,34.002,8.2203
58.587,33.665,8.0913
57.989,33.573,7.9434
57.418,33.793,7.8029
56.934,34.181,7.6854
56.489,34.618,7.5802
56.037,35.047,7.4767
55.531,35.409,7.3647
54.941,35.552,7.2375
54.352,35.368,7.1132
53.856,34.993,7.0113
53.406,34.557,6.9225
52.956,34.121,6.8372
52.456,33.743,6.7458
51.871,33.559,6.6407
51.275,33.713,6.5335
50.766,34.076,6.4431
50.313,34.51,6.3652
49.864,34.95,6.2918
49.369,35.338,6.2151
48.789,35.553,6.1287
48.187,35.43,6.0414
47.667,35.075,5.9687
47.209,34.643,5.9082
46.761,34.201,5.853
46.272,33.805,5.7964
45.692,33.57,5.7312
45.085,33.664,5.6626
44.559,34.012,5.6033
44.098,34.441,5.554
43.65,34.885,5.5098
43.165,35.287,5.4664
42.588,35.534,5.4186
41.974,35.464,5.3701
41.444,35.126,5.3308
40.98,34.697,5.3001
40.531,34.253,5.2746
40.049,33.844,5.2512
39.479,33.585,5.2254
38.858,33.642,5.1966
38.324,33.971,5.1717
37.858,34.4,5.1524
37.409,34.844,5.1377
36.928,35.257,5.1266
36.365,35.529,5.1177
35.743,35.479,5.1104
35.202,35.162,5.1065
34.735,34.741,5.1069
34.285,34.29,5.1116
33.806,33.874,5.1207
33.247,33.591,5.1335
32.629,33.624,5.1468
32.081,33.939,5.1584
31.612,34.359,5.1706
31.164,34.807,5.1861
30.687,35.223,5.2072
30.13,35.516,5.236
29.515,35.502,5.2703
28.963,35.193,5.3035
28.493,34.773,5.3354
28.046,34.326,5.3699
27.572,33.911,5.4103
27.017,33.611,5.46
26.403,33.602,5.5148
25.85,33.899,5.5637
25.377,34.318,5.6076
24.931,34.767,5.6526
24.462,35.184,5.7043
23.915,35.491,5.7685
23.298,35.522,5.8439
22.743,35.243,5.9142
22.266,34.829,5.9778
21.819,34.386,6.0414
21.355,33.962,6.1111
20.823,33.638,6.1937
20.207,33.586,6.2895
19.644,33.842,6.3772
19.164,34.248,6.4538
18.717,34.689,6.5284
18.257,35.117,6.6092
17.736,35.455,6.7047
17.13,35.539,6.819
16.557,35.309,6.9293
16.073,34.915,7.0258
15.627,34.476,7.118
15.172,34.047,7.2156
14.663,33.692,7.3278
14.07,33.565,7.4597
13.487,33.762,7.5901
12.995,34.141,7.7018
12.548,34.576,7.8064
12.099,35.008,7.9148
11.602,35.38,8.0386
11.024,35.555,8.1858
10.435,35.403,8.3383
9.9329,35.045,8.4714
9.4839,34.617,8.5937
9.041,34.183,8.7175
8.5603,33.796,8.8551
59.557,37.832,8.357
59.101,38.256,8.2461
58.584,38.593,8.1221
57.985,38.683,7.9765
57.415,38.462,7.8346
56.932,38.074,7.7129
56.488,37.638,7.6022
56.037,37.209,7.4931
55.531,36.847,7.3761
54.941,36.706,7.2469
54.352,36.889,7.1259
53.855,37.265,7.0306
53.404,37.702,6.9497
52.953,38.138,6.8726
52.452,38.517,6.7887
51.866,38.697,6.6877
51.27,38.542,6.5786
50.763,38.178,6.4822
50.31,37.744,6.3966
49.862,37.306,6.315
49.368,36.918,6.231
48.789,36.704,6.1405
48.187,36.828,6.0559
47.666,37.183,5.9907
47.208,37.615,5.9397
46.758,38.058,5.8942
46.268,38.453,5.8466
45.687,38.688,5.7871
45.082,38.589,5.7168
44.556,38.242,5.6504
44.096,37.813,5.5918
43.648,37.37,5.5379
43.164,36.969,5.4855
42.586,36.721,5.4321
41.974,36.793,5.3855
41.444,37.132,5.3542
40.979,37.561,5.3337
40.53,38.005,5.3189
40.047,38.413,5.3053
39.476,38.671,5.2859
38.856,38.615,5.2562
38.323,38.285,5.2236
37.857,37.857,5.1941
37.408,37.412,5.1689
36.927,37,5.1478
36.363,36.731,5.1324
35.74,36.775,5.1262
35.2,37.097,5.1302
34.733,37.524,5.1411
34.284,37.969,5.1567
33.805,38.384,5.1759
33.247,38.665,5.1954
32.627,38.63,5.2077
32.078,38.318,5.2115
31.608,37.898,5.2135
31.161,37.449,5.218
30.685,37.032,5.2289
30.128,36.739,5.2506
29.512,36.758,5.2853
28.961,37.065,5.3255
28.489,37.483,5.367
28.042,37.93,5.4116
27.571,38.346,5.461
27.018,38.648,5.517
26.403,38.654,5.5713
25.85,38.357,5.613
25.375,37.939,5.6474
24.928,37.49,5.6826
24.458,37.073,5.725
23.912,36.765,5.7825
23.296,36.734,5.8569
22.742,37.016,5.9327
22.266,37.429,6.0045
21.821,37.879,6.0767
21.357,38.298,6.1544
20.824,38.615,6.2427
20.209,38.675,6.3389
19.646,38.416,6.4209
19.165,38.01,6.4893
18.718,37.568,6.5553
18.258,37.139,6.6279
17.735,36.801,6.7173
17.128,36.719,6.83
16.555,36.948,6.9442
16.072,37.342,7.047
15.627,37.781,7.1464
15.174,38.209,7.2505
14.665,38.564,7.3676
14.072,38.691,7.5007
13.488,38.496,7.6271
12.996,38.116,7.7324
12.548,37.68,7.8299
12.098,37.248,7.9316
11.6,36.875,8.0498
11.02,36.702,8.1945
10.432,36.855,8.3485
9.9312,37.213,8.4854
9.4829,37.641,8.6118
9.0406,38.074,8.7394
8.5604,38.461,8.8794
59.56,40.71,8.4249
59.106,40.288,8.2966
58.593,39.951,8.1585
57.996,39.856,8.0098
57.422,40.073,7.88
56.935,40.463,7.7806
56.488,40.902,7.6962
56.034,41.334,7.6142
55.524,41.696,7.5214
54.93,41.833,7.4045
54.344,41.647,7.2765
53.851,41.271,7.1608
53.404,40.837,7.0539
52.955,40.404,6.9498
52.458,40.026,6.8418
51.874,39.847,6.7295
51.274,39.995,6.6314
50.765,40.361,6.562
50.31,40.797,6.5092
49.858,41.237,6.4615
49.362,41.628,6.4087
48.779,41.835,6.3366
48.177,41.708,6.2451
47.66,41.353,6.1548
47.205,40.922,6.0715
46.758,40.482,5.992
46.272,40.087,5.9136
45.694,39.851,5.8357
45.087,39.951,5.7741
44.558,40.296,5.7369
44.096,40.727,5.7154
43.646,41.171,5.7001
43.16,41.573,5.6835
42.584,41.826,5.6537
41.972,41.744,5.6021
41.443,41.407,5.5426
40.98,40.98,5.4853
40.533,40.536,5.4318
40.051,40.13,5.3824
39.483,39.866,5.3401
38.864,39.922,5.3157
38.329,40.251,5.3134
37.862,40.678,5.3231
37.413,41.123,5.3389
36.932,41.535,5.3561
36.368,41.805,5.3659
35.746,41.769,5.3566
35.207,41.447,5.3311
34.739,41.022,5.3027
34.291,40.577,5.2772
33.813,40.161,5.2579
33.254,39.881,5.2513
32.632,39.905,5.2661
32.086,40.218,5.2982
31.619,40.639,5.338
31.17,41.084,5.3827
30.697,41.501,5.4305
30.142,41.797,5.4774
29.525,41.784,5.5093
28.969,41.484,5.5214
28.495,41.068,5.5251
28.048,40.619,5.5292
27.578,40.199,5.5413
27.025,39.892,5.5701
26.41,39.888,5.6234
25.856,40.178,5.6895
25.381,40.591,5.758
24.935,41.037,5.8291
24.471,41.456,5.904
23.931,41.772,5.9843
23.317,41.81,6.0588
22.757,41.534,6.1105
22.277,41.122,6.1483
21.831,40.676,6.1843
21.363,40.251,6.2287
20.828,39.927,6.2919
20.214,39.862,6.3824
19.653,40.119,6.4822
19.175,40.522,6.5787
18.734,40.965,6.6739
18.276,41.391,6.7743
17.756,41.727,6.8839
17.15,41.828,6.9994
16.574,41.605,7.0956
16.086,41.21,7.1706
15.637,40.77,7.2402
15.182,40.338,7.3156
14.671,39.979,7.4099
14.076,39.851,7.5345
13.493,40.041,7.6706
13.003,40.417,7.7954
12.557,40.85,7.9144
12.111,41.28,8.0359
11.617,41.655,8.1686
11.041,41.835,8.3163
10.448,41.693,8.4591
9.9416,41.336,8.5763
9.4899,40.906,8.6811
9.045,40.47,8.7882
8.5625,40.08,8.911
59.555,44.117,8.5624
59.096,44.544,8.4736
58.574,44.881,8.37
57.972,44.965,8.2373
57.404,44.738,8.0965
56.924,44.349,7.9672
56.481,43.914,7.8452
56.031,43.487,7.7239
55.526,43.128,7.5972
54.935,42.99,7.468
54.345,43.176,7.3616
53.846,43.556,7.2895
53.394,43.995,7.2347
52.941,44.432,7.184
52.434,44.81,7.1243
51.844,44.978,7.0379
51.25,44.815,6.9274
50.748,44.448,6.8177
50.298,44.015,6.7136
49.851,43.58,6.6125
49.359,43.193,6.5113
48.779,42.987,6.4135
48.175,43.117,6.3404
47.654,43.475,6.2997
47.196,43.91,6.2777
46.745,44.353,6.2618
46.253,44.747,6.2415
45.668,44.976,6.1999
45.064,44.863,6.1273
44.543,44.514,6.0435
44.086,44.086,5.9616
43.639,43.645,5.8829
43.155,43.247,5.8081
42.58,42.998,5.7417
41.967,43.08,5.7033
41.437,43.42,5.6964
40.973,43.85,5.7059
40.524,44.295,5.7222
40.039,44.701,5.7373
39.467,44.957,5.7373
38.849,44.896,5.7057
38.319,44.564,5.6528
37.854,44.137,5.5962
37.407,43.694,5.5424
36.926,43.283,5.4948
36.362,43.017,5.4623
35.739,43.057,5.4592
35.201,43.38,5.4853
34.735,43.806,5.5248
34.287,44.25,5.57
33.81,44.665,5.6166
33.252,44.945,5.6541
32.631,44.916,5.6635
32.081,44.606,5.6456
31.611,44.187,5.6185
31.166,43.737,5.5917
30.691,43.318,5.5732
30.134,43.024,5.5736
29.519,43.04,5.6071
28.967,43.343,5.665
28.496,43.758,5.7314
28.051,44.203,5.8024
27.583,44.62,5.8759
27.034,44.927,5.9479
26.419,44.941,5.9991
25.863,44.649,6.0189
25.386,44.232,6.024
24.938,43.783,6.0281
24.468,43.364,6.0416
23.921,43.052,6.0766
23.305,43.015,6.1448
22.751,43.292,6.2333
22.276,43.703,6.3255
21.833,44.15,6.4198
21.373,44.569,6.5171
20.844,44.891,6.618
20.23,44.961,6.7119
19.662,44.71,6.775
19.177,44.304,6.8169
18.728,43.861,6.8551
18.267,43.43,6.9009
17.743,43.088,6.968
17.135,43,7.0711
16.563,43.227,7.191
16.08,43.618,7.3074
15.637,44.054,7.4217
15.186,44.481,7.539
14.681,44.839,7.6643
14.088,44.974,7.7941
13.5,44.786,7.9047
13.003,44.407,7.9878
12.553,43.968,8.0619
12.101,43.533,8.141
11.6,43.158,8.2391
11.018,42.985,8.3707
10.43,43.139,8.5223
9.9297,43.497,8.6636
9.4825,43.925,8.7964
9.0409,44.357,8.9295
8.5613,44.744,9.072
59.56,46.994,8.7297
59.107,46.572,8.5976
58.595,46.235,8.4587
57.996,46.14,8.3186
57.419,46.359,8.2085
56.93,46.751,8.1344
56.48,47.192,8.0773
56.023,47.625,8.0229
55.509,47.987,7.9561
54.912,48.118,7.857
54.328,47.919,7.7321
53.838,47.543,7.6089
53.393,47.109,7.4899
52.946,46.678,7.3726
52.448,46.305,7.2538
51.864,46.124,7.1407
51.265,46.284,7.0601
50.755,46.653,7.0175
50.299,47.091,6.9947
49.846,47.532,6.9779
49.346,47.918,6.9531
48.757,48.12,6.9
48.159,47.985,6.8095
47.648,47.624,6.7054
47.195,47.195,6.6029
46.75,46.757,6.5029
46.264,46.366,6.4063
45.684,46.14,6.3206
45.076,46.235,6.2702
44.549,46.586,6.2602
44.088,47.018,6.2702
43.638,47.462,6.2872
43.152,47.864,6.3008
42.572,48.105,6.2906
41.958,48.022,6.2385
41.432,47.683,6.1612
40.973,47.256,6.0794
40.527,46.815,6.0001
40.047,46.41,5.9269
39.481,46.146,5.87
38.862,46.211,5.853
38.325,46.536,5.8738
37.857,46.961,5.9133
37.412,47.407,5.9601
36.932,47.818,6.0057
36.372,48.094,6.0354
35.751,48.052,6.0236
35.213,47.734,5.9774
34.748,47.313,5.9212
34.3,46.864,5.8654
33.821,46.452,5.8183
33.263,46.168,5.7918
32.644,46.182,5.8056
32.098,46.493,5.8568
31.632,46.912,5.9227
31.189,47.36,5.9951
30.716,47.773,6.0675
30.163,48.068,6.1308
29.545,48.078,6.1612
28.988,47.781,6.1507
28.516,47.363,6.1237
28.066,46.917,6.0961
27.597,46.496,6.0773
27.048,46.183,6.0813
26.431,46.169,6.1285
25.874,46.448,6.2072
25.401,46.858,6.2968
24.956,47.3,6.3905
24.495,47.719,6.4861
23.964,48.045,6.5798
23.349,48.096,6.6504
22.782,47.835,6.6809
22.297,47.426,6.6888
21.845,46.978,6.6932
21.382,46.551,6.7063
20.853,46.217,6.7422
20.241,46.142,6.8201
19.675,46.389,6.9264
19.194,46.785,7.0375
18.751,47.222,7.1492
18.298,47.648,7.2636
17.787,47.997,7.3808
17.185,48.118,7.4909
16.602,47.902,7.5665
16.107,47.513,7.6145
15.656,47.072,7.6549
15.2,46.637,7.7019
14.689,46.273,7.7702
14.095,46.125,7.8763
13.511,46.315,8.0097
13.018,46.686,8.1399
12.573,47.118,8.2662
12.128,47.548,8.3933
11.637,47.925,8.5274
11.063,48.121,8.6674
10.465,47.984,8.7911
9.9534,47.629,8.8849
9.4982,47.197,8.9656
9.051,46.758,9.0491
8.5659,46.366,9.1498
59.552,50.403,8.982
59.09,50.831,8.9226
58.564,51.168,8.8477
57.958,51.245,8.7367
57.39,51.011,8.6049
56.911,50.621,8.4751
56.469,50.186,8.3485
56.019,49.76,8.222
55.513,49.404,8.093
54.919,49.27,7.9724
54.329,49.47,7.8901
53.831,49.853,7.848
53.378,50.295,7.8253
52.922,50.732,7.8069
52.409,51.103,7.7767
51.813,51.265,7.7116
51.225,51.084,7.605
50.727,50.711,7.4872
50.28,50.28,7.3698
49.834,49.846,7.2541
49.34,49.467,7.1412
48.755,49.272,7.0425
48.153,49.408,6.9879
47.636,49.775,6.9784
47.178,50.211,6.9899
46.726,50.653,7.0079
46.232,51.045,7.019
45.641,51.252,6.997
45.036,51.135,6.9259
44.521,50.78,6.8273
44.068,50.351,6.7247
43.623,49.914,6.6239
43.141,49.517,6.5294
42.566,49.28,6.4545
41.95,49.374,6.4286
41.419,49.714,6.4484
40.957,50.143,6.4899
40.511,50.588,6.5392
40.027,50.993,6.5843
39.455,51.248,6.6047
38.838,51.171,6.5699
38.31,50.839,6.4976
37.848,50.414,6.415
37.404,49.972,6.3334
36.923,49.565,6.2604
36.361,49.295,6.2107
35.74,49.339,6.2116
35.205,49.662,6.2593
34.743,50.084,6.3265
34.296,50.532,6.4014
33.818,50.941,6.4738
33.26,51.221,6.5286
32.64,51.206,6.5366
32.093,50.894,6.4956
31.627,50.475,6.4387
31.178,50.03,6.381
30.706,49.612,6.3326
30.15,49.316,6.3102
29.532,49.316,6.3386
28.98,49.615,6.4115
28.512,50.03,6.5007
28.068,50.471,6.5957
27.604,50.888,6.6912
27.062,51.202,6.7776
26.445,51.226,6.8243
25.882,50.948,6.8217
25.404,50.533,6.7951
24.954,50.087,6.766
24.488,49.664,6.7464
23.948,49.339,6.7524
23.331,49.298,6.8093
22.771,49.562,6.9049
22.295,49.966,7.0132
21.85,50.406,7.1253
21.394,50.827,7.238
20.877,51.164,7.3476
20.265,51.25,7.4346
19.69,51.01,7.4736
19.2,50.61,7.4842
18.75,50.166,7.4886
18.288,49.733,7.5014
17.766,49.383,7.5382
17.158,49.274,7.6208
16.585,49.498,7.7387
16.1,49.883,7.862
15.657,50.317,7.985
15.208,50.745,8.1093
14.707,51.107,8.236
14.117,51.265,8.3559
13.523,51.081,8.4415
13.02,50.705,8.4948
12.566,50.265,8.538
12.113,49.827,8.5866
11.61,49.449,8.6561
11.026,49.266,8.764
10.435,49.419,8.9039
9.934,49.777,9.0417
9.4862,50.204,9.1736
9.0446,50.637,9.3048
8.5641,51.025,9.4416
59.56,53.277,9.2456
59.106,52.854,9.117
58.592,52.516,8.9853
57.989,52.424,8.863
57.409,52.648,8.782
56.919,53.044,8.7413
56.469,53.487,8.7184
56.009,53.921,8.6984
55.49,54.28,8.6649
54.887,54.398,8.5905
54.305,54.189,8.4757
53.818,53.808,8.351
53.374,53.374,8.2256
52.927,52.946,8.1011
52.427,52.576,7.9783
51.839,52.409,7.8733
51.24,52.581,7.8186
50.732,52.956,7.8102
50.277,53.395,7.8236
49.824,53.835,7.8427
49.319,54.218,7.8518
48.726,54.406,7.8227
48.131,54.252,7.7361
47.625,53.887,7.6226
47.175,53.459,7.5049
46.732,53.024,7.3884
46.245,52.637,7.2782
45.663,52.415,7.1895
45.057,52.528,7.1585
44.533,52.884,7.18
44.074,53.315,7.2244
43.625,53.758,7.2763
43.137,54.155,7.3214
42.554,54.39,7.3333
41.943,54.3,7.2824
41.423,53.957,7.1884
40.966,53.533,7.0841
40.523,53.094,6.9805
40.045,52.692,6.885
39.476,52.437,6.8161
38.857,52.491,6.8052
38.324,52.821,6.8513
37.861,53.246,6.9213
37.415,53.688,6.9987
36.938,54.099,7.0734
36.378,54.371,7.1222
35.755,54.336,7.1098
35.216,54.021,7.043
34.751,53.6,6.9582
34.307,53.159,6.8732
33.834,52.743,6.797
33.283,52.451,6.7484
32.663,52.465,6.7612
32.111,52.764,6.8286
31.643,53.174,6.9184
31.201,53.618,7.017
30.736,54.036,7.1144
30.193,54.348,7.1959
29.578,54.369,7.2237
29.016,54.082,7.1905
28.54,53.672,7.1329
28.094,53.227,7.0713
27.628,52.804,7.0196
27.084,52.481,6.9949
26.47,52.434,7.0273
25.91,52.706,7.1149
25.435,53.11,7.2222
24.995,53.551,7.3359
24.538,53.971,7.4491
24.011,54.304,7.5538
23.4,54.393,7.622
22.825,54.15,7.6287
22.336,53.746,7.6029
21.884,53.3,7.5714
21.425,52.869,7.5481
20.902,52.521,7.5502
20.288,52.422,7.6061
19.715,52.644,7.7092
19.231,53.035,7.829
18.788,53.469,7.9514
18.339,53.897,8.0749
17.836,54.256,8.1951
17.235,54.397,8.2949
16.642,54.212,8.3464
16.141,53.828,8.3605
15.688,53.386,8.3649
15.232,52.949,8.3759
14.725,52.574,8.4084
14.13,52.412,8.4865
13.538,52.582,8.607
13.042,52.948,8.7351
12.595,53.378,8.8622
12.152,53.81,8.989
11.664,54.193,9.1177
11.09,54.401,9.2419
10.484,54.277,9.3376
9.966,53.924,9.3983
9.5077,53.49,9.4456
9.0583,53.048,9.4966
8.5707,52.652,9.5655
59.55,56.688,9.6151
59.086,57.118,9.5941
58.556,57.455,9.5573
57.943,57.526,9.4776
57.374,57.284,9.3623
56.897,56.89,9.2379
56.455,56.455,9.1121
56.004,56.03,8.9861
55.493,55.678,8.8618
54.893,55.56,8.7597
54.302,55.768,8.7104
53.807,56.159,8.7075
53.354,56.601,8.7242
52.897,57.037,8.745
52.38,57.406,8.7529
51.778,57.542,8.7134
51.19,57.347,8.6158
50.698,56.969,8.4937
50.254,56.537,8.3669
49.808,56.107,8.2411
49.311,55.731,8.1215
48.722,55.551,8.0305
48.12,55.711,8.0045
47.608,56.082,8.0316
47.153,56.519,8.0816
46.701,56.959,8.1374
46.203,57.344,8.1831
45.609,57.547,8.1864
45.01,57.403,8.1152
44.5,57.044,8.004
44.05,56.617,7.8831
43.607,56.181,7.7629
43.123,55.792,7.6522
42.543,55.558,7.5711
41.932,55.661,7.5617
41.41,56.01,7.6123
40.95,56.439,7.6872
40.504,56.88,7.7696
40.02,57.28,7.8454
39.445,57.527,7.8861
38.828,57.454,7.8525
38.305,57.118,7.7613
37.846,56.695,7.6535
37.403,56.257,7.5453
36.927,55.849,7.4466
36.365,55.584,7.3812
35.742,55.623,7.385
35.206,55.943,7.4547
34.743,56.364,7.5506
34.3,56.804,7.6542
33.829,57.217,7.7552
33.278,57.506,7.8301
32.657,57.488,7.834
32.105,57.189,7.7715
31.636,56.778,7.6843
31.194,56.332,7.5921
30.727,55.912,7.5109
30.179,55.604,7.4606
29.563,55.593,7.4807
29.006,55.88,7.5655
28.535,56.286,7.675
28.095,56.726,7.7933
27.636,57.145,7.91
27.101,57.47,8.0112
26.489,57.524,8.0557
25.92,57.257,8.0269
25.439,56.85,7.9661
24.992,56.405,7.8995
24.529,55.98,7.8429
23.994,55.645,7.8148
23.38,55.565,7.8479
22.815,55.815,7.9442
22.335,56.213,8.064
21.893,56.652,8.19
21.441,57.075,8.3147
20.928,57.42,8.4297
20.32,57.543,8.5093
19.736,57.326,8.5211
19.241,56.931,8.4944
18.79,56.489,8.4601
18.332,56.052,8.4329
17.817,55.69,8.4307
17.207,55.558,8.4829
16.624,55.754,8.588
16.135,56.134,8.7114
15.69,56.567,8.8376
15.244,56.997,8.9635
14.748,57.369,9.0863
14.157,57.539,9.1894
13.554,57.384,9.2457
13.046,57.011,9.2616
12.59,56.572,9.2663
12.136,56.131,9.2765
11.635,55.744,9.307
11.048,55.554,9.3807
10.449,55.696,9.4986
9.9434,56.052,9.6251
9.4938,56.48,9.7491
9.0508,56.914,9.8716
8.569,57.305,9.9945
59.558,59.558,9.982
59.102,59.134,9.8627
58.584,58.796,9.7452
57.974,58.709,9.651
57.393,58.942,9.6105
56.904,59.342,9.6132
56.453,59.786,9.6339
55.992,60.219,9.658
55.467,60.574,9.6676
54.859,60.677,9.6266
54.278,60.455,9.5273
53.794,60.069,9.4048
53.351,59.634,9.2764
52.902,59.207,9.1483
52.397,58.842,9.0265
51.801,58.694,8.9388
51.205,58.884,8.9208
50.702,59.266,8.9553
50.25,59.706,9.012
49.796,60.143,9.0735
49.288,60.519,9.1224
48.689,60.69,9.121
48.097,60.517,9.0398
47.596,60.146,8.9179
47.15,59.717,8.7864
46.707,59.284,8.6552
46.217,58.904,8.5343
45.63,58.695,8.4482
45.025,58.825,8.4421
44.508,59.188,8.4995
44.053,59.62,8.5811
43.605,60.059,8.6696
43.117,60.452,8.7483
42.53,60.677,8.7829
41.921,60.573,8.7323
41.406,60.226,8.6224
40.952,59.802,8.4966
40.511,59.366,8.3706
40.034,58.967,8.255
39.464,58.717,8.1767
38.844,58.78,8.1777
38.314,59.111,8.2518
37.855,59.535,8.3548
37.412,59.974,8.4661
36.938,60.382,8.5732
36.38,60.655,8.6461
35.757,60.619,8.6347
35.218,60.306,8.5479
34.756,59.887,8.4342
34.314,59.449,8.3178
33.846,59.035,8.2112
33.298,58.738,8.1388
32.678,58.744,8.1478
32.125,59.037,8.2324
31.657,59.443,8.3479
31.219,59.884,8.4747
30.758,60.302,8.5984
30.222,60.62,8.6988
29.607,60.657,8.7246
29.04,60.383,8.666
28.564,59.98,8.5731
28.121,59.538,8.4731
27.66,59.114,8.3828
27.125,58.778,8.3224
26.512,58.71,8.3351
25.944,58.965,8.4262
25.465,59.361,8.5487
25.025,59.797,8.6807
24.574,60.221,8.8111
24.057,60.569,8.9271
23.451,60.683,8.9896
22.869,60.459,8.9677
22.375,60.065,8.9033
21.925,59.621,8.8294
21.469,59.189,8.7638
20.953,58.831,8.7245
20.343,58.694,8.7448
19.762,58.898,8.8372
19.271,59.281,8.9598
18.827,59.719,9.0897
18.38,60.15,9.2183
17.883,60.513,9.3361
17.285,60.685,9.4222
16.686,60.521,9.4413
16.179,60.145,9.4141
15.724,59.706,9.3763
15.27,59.266,9.3441
14.768,58.882,9.3335
14.173,58.7,9.3732
13.572,58.846,9.4702
13.069,59.207,9.5897
12.62,59.637,9.7127
12.176,60.071,9.8345
11.69,60.461,9.9532
11.115,60.679,10.055
10.501,60.569,10.113
9.9779,60.217,10.131
9.5171,59.782,10.135
9.0659,59.339,10.144
8.5761,58.938,10.17
9.3957,9.4543,10.245
8.9558,9.9114,10.246
8.5847,10.422,10.239
8.4323,11.028,10.194
8.612,11.62,10.101
8.9883,12.115,9.9871
9.4236,12.56,9.8673
9.8581,13.004,9.7462
10.231,13.503,9.628
10.418,14.091,9.5296
10.273,14.698,9.4873
9.9029,15.209,9.4996
9.4628,15.665,9.5364
9.0191,16.114,9.5806
8.6344,16.619,9.6138
8.4346,17.209,9.6068
8.5644,17.815,9.5308
8.922,18.323,9.4134
9.3513,18.772,9.2848
9.7888,19.211,9.155
10.176,19.698,9.0321
10.407,20.272,8.936
10.319,20.886,8.9075
9.9707,21.415,8.9467
9.541,21.875,9.0145
9.099,22.323,9.0913
8.6963,22.806,9.1618
8.4483,23.383,9.1927
8.5176,23.996,9.1431
8.8515,24.524,9.0306
9.2718,24.979,8.9005
9.708,25.42,8.7684
10.113,25.89,8.6441
10.387,26.451,8.5492
10.357,27.071,8.5288
10.041,27.613,8.5865
9.6199,28.078,8.6782
9.1795,28.522,8.7802
8.7654,28.991,8.8787
8.4715,29.544,8.9456
8.481,30.168,8.9282
8.7767,30.714,8.8337
9.1905,31.179,8.7099
9.6276,31.62,8.5828
10.045,32.083,8.4633
10.358,32.62,8.3728
10.384,33.244,8.359
10.11,33.803,8.4273
9.7021,34.277,8.535
9.2639,34.719,8.6541
8.8427,35.179,8.7718
8.512,35.706,8.8667
8.4484,36.323,8.8878
8.7045,36.895,8.8192
9.1042,37.374,8.7124
9.5428,37.817,8.598
9.9685,38.274,8.4911
10.313,38.798,8.4103
10.415,39.408,8.3977
10.177,39.988,8.4743
9.7877,40.47,8.5896
9.3523,40.913,8.718
8.9237,41.364,8.8467
8.5673,41.876,8.9597
8.4295,42.48,9.0173
8.6332,43.072,8.9837
9.0201,43.566,8.9006
9.4574,44.015,8.8069
9.8926,44.467,8.7184
10.264,44.978,8.653
10.424,45.579,8.6475
10.241,46.17,8.7258
9.8661,46.669,8.8453
9.4341,47.115,8.9761
9.0027,47.56,9.1076
8.6233,48.05,9.2298
8.4292,48.641,9.3131
8.5752,49.246,9.3162
8.9392,49.763,9.2657
9.3758,50.221,9.1997
9.8193,50.671,9.137
10.206,51.164,9.0957
10.421,51.756,9.1034
10.291,52.358,9.1847
9.9376,52.87,9.3027
9.51,53.32,9.4295
9.0728,53.76,9.5568
8.6822,54.244,9.678
8.4451,54.818,9.7762
8.526,55.434,9.8175
8.8696,55.961,9.805
9.3016,56.425,9.7764
9.7461,56.876,9.7506
10.154,57.362,9.7415
10.407,57.933,9.7726
10.334,58.548,9.8615
10.005,59.074,9.9764
9.5829,59.532,10.094
9.1447,59.974,10.21
8.737,60.446,10.324
12.587,9.4458,9.862
13.019,9.8929,9.7401
13.388,10.389,9.616
13.558,10.981,9.4994
13.401,11.58,9.424
13.028,12.088,9.3957
12.589,12.544,9.3899
12.148,12.998,9.3909
11.761,13.5,9.3834
11.575,14.091,9.3384
11.718,14.694,9.2415
12.077,15.198,9.1211
12.506,15.647,8.9953
12.94,16.09,8.8691
13.331,16.575,8.7449
13.554,17.147,8.6386
13.45,17.761,8.5849
13.101,18.287,8.5884
12.668,18.748,8.6194
12.225,19.198,8.6587
11.822,19.687,8.6917
11.579,20.263,8.6895
11.671,20.873,8.6181
12.007,21.398,8.5042
12.428,21.853,8.379
12.865,22.294,8.2528
13.267,22.767,8.132
13.539,23.327,8.032
13.492,23.941,7.995
13.169,24.486,8.0234
12.747,24.952,8.0832
12.303,25.398,8.1535
11.892,25.874,8.2194
11.604,26.436,8.2564
11.626,27.052,8.2205
11.936,27.592,8.1223
12.35,28.056,8.0047
12.788,28.497,7.8846
13.202,28.962,7.7713
13.505,29.508,7.6819
13.527,30.128,7.6554
13.238,30.682,7.7041
12.824,31.156,7.7872
12.383,31.6,7.8813
11.961,32.064,7.9744
11.644,32.601,8.0442
11.597,33.225,8.0481
11.866,33.786,7.9763
12.274,34.26,7.8737
12.712,34.704,7.7668
13.137,35.163,7.6664
13.472,35.69,7.5904
13.55,36.307,7.5768
13.299,36.88,7.6409
12.91,37.362,7.7389
12.467,37.804,7.8515
12.036,38.257,7.9642
11.686,38.774,8.0614
11.578,39.382,8.103
11.802,39.97,8.0648
12.19,40.459,7.9873
12.63,40.907,7.8997
13.064,41.362,7.8179
13.428,41.879,7.7589
13.563,42.483,7.758
13.356,43.07,7.8339
12.976,43.562,7.9448
12.541,44.007,8.0666
12.11,44.454,8.1895
11.74,44.957,8.3033
11.567,45.55,8.379
11.739,46.148,8.3786
12.116,46.656,8.3302
12.555,47.109,8.2694
12.995,47.561,8.2133
13.374,48.065,8.1787
13.563,48.663,8.1945
13.413,49.259,8.2786
13.047,49.764,8.397
12.615,50.211,8.5233
12.179,50.653,8.6505
11.799,51.139,8.7714
11.58,51.722,8.8706
11.685,52.331,8.9119
12.039,52.854,8.9018
12.474,53.314,8.8759
12.917,53.765,8.8532
13.317,54.254,8.8479
13.549,54.835,8.8867
13.459,55.446,8.9823
13.121,55.963,9.1038
12.697,56.417,9.2292
12.261,56.859,9.3541
11.858,57.332,9.4777
11.596,57.889,9.5917
11.644,58.508,9.6709
11.965,59.047,9.7055
12.392,59.515,9.7217
12.837,59.965,9.7389
13.251,60.442,9.7707
15.681,9.4525,9.5385
15.242,9.9078,9.4965
14.871,10.415,9.4441
14.718,11.014,9.3568
14.887,11.604,9.2367
15.257,12.1,9.109
15.688,12.546,8.982
16.119,12.99,8.855
16.501,13.479,8.7268
16.703,14.057,8.6068
16.569,14.664,8.5271
16.212,15.182,8.4955
15.775,15.641,8.489
15.332,16.093,8.4902
14.937,16.589,8.4836
14.714,17.17,8.444
14.831,17.775,8.3496
15.177,18.29,8.2301
15.601,18.743,8.1059
16.037,19.184,7.9821
16.435,19.663,7.8611
16.688,20.226,7.7547
16.621,20.839,7.697
16.285,21.376,7.6959
15.857,21.842,7.7228
15.412,22.29,7.7594
15.004,22.772,7.7912
14.737,23.343,7.7932
14.784,23.955,7.7343
15.108,24.489,7.6296
15.525,24.95,7.5143
15.964,25.391,7.3983
16.373,25.86,7.288
16.661,26.415,7.1964
16.655,27.032,7.1577
16.348,27.581,7.1826
15.928,28.052,7.238
15.485,28.499,7.3036
15.066,28.969,7.3675
14.765,29.521,7.4073
14.753,30.143,7.3867
15.044,30.693,7.307
15.458,31.163,7.2067
15.897,31.606,7.1048
16.319,32.07,7.0092
16.637,32.607,6.9356
16.671,33.23,6.9187
16.402,33.793,6.9653
15.992,34.27,7.0442
15.551,34.715,7.1332
15.127,35.177,7.2223
14.795,35.707,7.2952
14.733,36.324,7.3132
14.989,36.896,7.265
15.385,37.376,7.1888
15.83,37.823,7.1057
16.26,38.284,7.0297
16.604,38.811,6.9765
16.696,39.423,6.9784
16.452,40.001,7.0469
16.059,40.483,7.1436
15.619,40.927,7.2507
15.191,41.381,7.3586
14.839,41.9,7.4563
14.713,42.504,7.5138
14.93,43.092,7.5021
15.322,43.585,7.453
15.767,44.033,7.3953
16.202,44.489,7.3444
16.563,45.008,7.3168
16.699,45.616,7.3409
16.507,46.202,7.4247
16.124,46.695,7.5366
15.689,47.142,7.6552
15.258,47.589,7.7749
14.887,48.086,7.8895
14.717,48.682,7.9778
14.874,49.281,8.0089
15.251,49.792,7.996
15.689,50.247,7.9716
16.13,50.701,7.952
16.514,51.201,7.9522
16.701,51.797,7.9998
16.556,52.395,8.1009
16.195,52.899,8.2228
15.766,53.347,8.3479
15.333,53.791,8.4735
14.944,54.274,8.5982
14.72,54.847,8.7116
14.824,55.46,8.7845
15.171,55.984,8.8146
15.605,56.445,8.8291
16.049,56.896,8.8465
16.451,57.385,8.8811
16.694,57.955,8.9537
16.607,58.563,9.0733
16.279,59.084,9.2038
15.858,59.54,9.3317
15.422,59.981,9.4578
15.017,60.451,9.5855
18.867,9.4431,9.2583
19.3,9.8909,9.1262
19.668,10.382,8.9903
19.84,10.968,8.8513
19.693,11.564,8.741
19.325,12.072,8.6734
18.888,12.527,8.6282
18.448,12.98,8.5897
18.058,13.476,8.5433
17.858,14.061,8.4651
17.985,14.664,8.3487
18.336,15.171,8.2225
18.763,15.622,8.0973
19.198,16.064,7.9735
19.593,16.544,7.8494
19.834,17.108,7.7318
19.749,17.721,7.6487
19.413,18.252,7.6133
18.982,18.716,7.6049
18.538,19.166,7.6057
18.13,19.652,7.6016
17.87,20.22,7.5705
17.934,20.83,7.4886
18.261,21.362,7.378
18.68,21.821,7.2632
19.119,22.263,7.1494
19.526,22.733,7.0391
19.81,23.288,6.9402
19.792,23.901,6.882
19.479,24.451,6.8771
19.059,24.922,6.9004
18.613,25.371,6.9344
18.196,25.844,6.9663
17.901,26.403,6.9758
17.899,27.019,6.9343
18.198,27.566,6.848
18.612,28.035,6.7494
19.052,28.478,6.6508
19.471,28.943,6.5576
19.782,29.486,6.4808
19.813,30.107,6.4477
19.533,30.666,6.4706
19.119,31.144,6.5224
18.676,31.591,6.5841
18.25,32.056,6.6463
17.926,32.592,6.6927
17.882,33.215,6.69
18.145,33.781,6.6356
18.547,34.264,6.5601
18.993,34.705,6.4809
19.422,35.166,6.4082
19.758,35.695,6.3548
19.826,36.312,6.349
19.576,36.886,6.3975
19.182,37.367,6.4719
18.738,37.814,6.5575
18.307,38.273,6.6445
17.96,38.795,6.7217
17.862,39.404,6.7598
18.097,39.989,6.7401
18.49,40.477,6.6924
18.934,40.926,6.6384
19.368,41.385,6.5909
19.725,41.909,6.5639
19.844,42.516,6.5831
19.622,43.098,6.657
19.235,43.588,6.7532
18.797,44.033,6.8569
18.366,44.485,6.9624
18.004,44.994,7.0638
17.851,45.593,7.1397
18.043,46.184,7.1606
18.428,46.688,7.1462
18.871,47.141,7.1226
19.31,47.596,7.105
19.68,48.106,7.1081
19.846,48.709,7.1551
19.675,49.298,7.2504
19.301,49.797,7.3645
18.866,50.244,7.4823
18.431,50.688,7.6014
18.058,51.179,7.7192
17.858,51.766,7.8266
17.987,52.369,7.8929
18.35,52.885,7.919
18.786,53.343,7.9322
19.229,53.795,7.949
19.622,54.289,7.9836
19.836,54.871,8.0589
19.729,55.475,8.1767
19.384,55.986,8.3053
18.959,56.439,8.4327
18.525,56.88,8.5597
18.126,57.355,8.6894
17.875,57.913,8.8196
17.933,58.525,8.9304
18.258,59.059,9.0044
18.684,59.524,9.0612
19.127,59.971,9.1188
19.538,60.447,9.191
21.966,9.45,9.0314
21.53,9.9026,8.9551
21.16,10.406,8.8678
20.998,10.999,8.7496
21.159,11.586,8.6106
21.525,12.082,8.476
21.957,12.527,8.3478
22.394,12.966,8.2212
22.771,13.457,8.0906
22.978,14.032,7.9584
22.869,14.637,7.8495
22.517,15.155,7.7828
22.084,15.615,7.7392
21.641,16.065,7.7034
21.24,16.555,7.6617
21.009,17.13,7.5927
21.096,17.74,7.4865
21.433,18.259,7.3686
21.857,18.715,7.2525
22.294,19.157,7.1389
22.699,19.633,7.0261
22.962,20.19,6.9188
22.915,20.806,6.8394
22.593,21.348,6.8042
22.167,21.815,6.795
21.721,22.264,6.7952
21.307,22.742,6.7932
21.024,23.305,6.7694
21.06,23.919,6.7016
21.369,24.462,6.6071
21.786,24.926,6.5086
22.227,25.37,6.4117
22.641,25.839,6.319
22.942,26.389,6.2363
22.941,27.005,6.1884
22.646,27.56,6.1849
22.229,28.035,6.207
21.783,28.483,6.239
21.362,28.955,6.2706
21.05,29.503,6.2869
21.031,30.122,6.261
21.317,30.676,6.1964
21.729,31.152,6.1202
22.172,31.597,6.0442
22.595,32.064,5.9739
22.914,32.602,5.9189
22.963,33.224,5.9003
22.689,33.786,5.928
22.279,34.266,5.9785
21.836,34.713,6.0376
21.408,35.177,6.0985
21.081,35.711,6.1487
21.014,36.331,6.1643
21.274,36.902,6.1341
21.68,37.383,6.0847
22.124,37.832,6.0336
22.554,38.294,5.9887
22.894,38.825,5.9621
22.969,39.441,5.9762
22.725,40.018,6.0328
22.327,40.499,6.1083
21.886,40.946,6.1911
21.456,41.404,6.2763
21.105,41.927,6.3574
21.005,42.534,6.4111
21.231,43.12,6.4204
21.624,43.614,6.4041
22.07,44.064,6.3819
22.505,44.522,6.3662
22.865,45.044,6.3704
22.985,45.651,6.4155
22.769,46.231,6.5006
22.382,46.724,6.5996
21.944,47.171,6.7025
21.513,47.621,6.8074
21.15,48.126,6.9124
20.992,48.725,7.0053
21.178,49.315,7.0569
21.561,49.82,7.0776
22.006,50.275,7.0891
22.446,50.731,7.1063
22.815,51.235,7.1431
22.986,51.834,7.2195
22.825,52.425,7.331
22.456,52.924,7.4503
22.026,53.372,7.5692
21.592,53.817,7.6895
21.209,54.304,7.8136
21.005,54.883,7.9371
21.119,55.489,8.0365
21.473,56.005,8.1005
21.907,56.464,8.1511
22.348,56.914,8.2046
22.746,57.401,8.2749
22.978,57.971,8.3807
22.886,58.574,8.5218
22.556,59.092,8.6629
22.135,59.546,8.797
21.7,59.985,8.9295
21.298,60.454,9.0669
25.151,9.4434,8.8498
25.581,9.8883,8.7164
25.95,10.38,8.5759
26.125,10.963,8.4249
25.981,11.555,8.2918
25.617,12.061,8.195
25.184,12.516,8.1187
24.744,12.965,8.0485
24.354,13.457,7.9705
24.146,14.036,7.8663
24.256,14.638,7.7374
24.601,15.149,7.6112
25.027,15.602,7.4922
25.464,16.045,7.3765
25.863,16.524,7.2588
26.11,17.085,7.1392
26.045,17.698,7.0356
25.715,18.23,6.9694
25.287,18.694,6.9269
24.843,19.143,6.8929
24.431,19.624,6.856
24.161,20.186,6.7987
24.208,20.799,6.7079
24.523,21.337,6.6047
24.942,21.799,6.5046
25.383,22.243,6.4077
25.795,22.713,6.313
26.089,23.264,6.2218
26.078,23.877,6.1525
25.778,24.432,6.1188
25.359,24.905,6.1091
24.913,25.354,6.1089
24.493,25.826,6.1085
24.185,26.38,6.0939
24.177,26.995,6.0455
24.468,27.548,5.9725
24.881,28.021,5.8955
25.324,28.466,5.8208
25.745,28.933,5.7504
26.062,29.476,5.6891
26.102,30.094,5.6533
25.823,30.654,5.6541
25.41,31.135,5.6756
24.966,31.584,5.7059
24.539,32.051,5.7379
24.215,32.589,5.7605
24.158,33.211,5.7545
24.426,33.775,5.7156
24.835,34.256,5.6655
25.279,34.704,5.6159
25.708,35.168,5.5717
26.041,35.7,5.5413
26.109,36.32,5.541
25.856,36.894,5.5745
25.451,37.376,5.6251
25.008,37.824,5.6826
24.579,38.285,5.7428
24.235,38.812,5.7993
24.153,39.424,5.833
24.391,40.007,5.8326
24.785,40.497,5.8146
25.233,40.945,5.7931
25.668,41.405,5.778
26.021,41.932,5.7797
26.12,42.541,5.8147
25.891,43.122,5.881
25.499,43.612,5.9584
25.058,44.059,6.0403
24.626,44.513,6.1251
24.268,45.028,6.2113
24.136,45.631,6.2855
24.346,46.217,6.3259
24.736,46.717,6.3428
25.181,47.169,6.3538
25.617,47.626,6.3708
25.98,48.139,6.4059
26.129,48.744,6.4751
25.94,49.328,6.5723
25.56,49.824,6.6755
25.12,50.271,6.7791
24.685,50.72,6.8852
24.319,51.216,6.9953
24.14,51.808,7.1062
24.289,52.406,7.1922
24.659,52.914,7.2486
25.096,53.369,7.2949
25.536,53.821,7.3452
25.923,54.316,7.4122
26.122,54.9,7.5138
26,55.499,7.6434
25.65,56.007,7.7716
25.223,56.458,7.8952
24.788,56.9,8.0192
24.393,57.378,8.1501
24.152,57.937,8.2909
24.225,58.544,8.4251
24.551,59.072,8.5296
24.976,59.533,8.6176
25.417,59.978,8.7059
25.824,60.451,8.808
28.253,9.4466,8.717
27.816,9.8991,8.6148
27.449,10.396,8.5032
27.282,10.984,8.3646
27.434,11.571,8.2158
27.797,12.069,8.0813
28.226,12.518,7.9578
28.66,12.962,7.8375
29.047,13.447,7.7123
29.261,14.018,7.5775
29.158,14.623,7.4516
28.813,15.141,7.3585
28.382,15.6,7.2857
27.941,16.048,7.2201
27.538,16.533,7.1495
27.291,17.099,7.059
27.369,17.709,6.9448
27.697,18.235,6.833
28.12,18.695,6.7299
28.56,19.139,6.6314
28.967,19.614,6.5325
29.243,20.168,6.4313
29.207,20.78,6.3405
28.892,21.325,6.2782
28.47,21.794,6.237
28.025,22.243,6.2047
27.61,22.718,6.1713
27.318,23.276,6.1236
27.327,23.888,6.0517
27.633,24.437,5.9688
28.049,24.906,5.8901
28.492,25.352,5.8155
28.91,25.82,5.7438
29.213,26.371,5.6749
29.234,26.987,5.6202
28.943,27.544,5.593
28.526,28.02,5.5842
28.08,28.47,5.5838
27.656,28.938,5.585
27.34,29.484,5.5776
27.314,30.106,5.5468
27.591,30.665,5.4986
28.005,31.143,5.4469
28.449,31.591,5.3982
28.874,32.058,5.354
29.199,32.595,5.3184
29.242,33.216,5.3022
28.974,33.783,5.3103
28.566,34.267,5.3328
28.12,34.714,5.3624
27.691,35.18,5.3948
27.36,35.713,5.4239
27.297,36.331,5.4354
27.559,36.902,5.4234
27.962,37.383,5.4027
28.41,37.834,5.3822
28.84,38.3,5.3677
29.178,38.834,5.366
29.259,39.447,5.3875
29.005,40.022,5.4316
28.603,40.505,5.484
28.158,40.952,5.5412
27.729,41.414,5.6019
27.386,41.943,5.6643
27.285,42.552,5.7172
27.522,43.132,5.7454
27.922,43.622,5.7581
28.371,44.07,5.7684
28.803,44.53,5.7853
29.152,45.057,5.8182
29.263,45.667,5.8778
29.046,46.246,5.956
28.651,46.737,6.0376
28.211,47.187,6.1203
27.779,47.64,6.2062
27.42,48.149,6.2976
27.284,48.753,6.3898
27.474,49.34,6.4608
27.861,49.84,6.5103
28.301,50.292,6.5538
28.739,50.748,6.6023
29.11,51.253,6.6669
29.267,51.851,6.7621
29.097,52.441,6.8752
28.725,52.94,6.9849
28.292,53.388,7.0912
27.858,53.836,7.2002
27.477,54.327,7.3173
27.281,54.906,7.4447
27.412,55.508,7.5619
27.768,56.019,7.6527
28.201,56.475,7.7321
28.64,56.923,7.814
29.034,57.409,7.9114
29.263,57.976,8.0386
29.168,58.576,8.19
28.838,59.093,8.3322
28.417,59.547,8.4644
27.982,59.987,8.5957
27.58,60.456,8.7353
31.434,9.4434,8.6361
31.867,9.8919,8.508
32.235,10.383,8.372
32.407,10.966,8.2182
32.264,11.555,8.0712
31.903,12.059,7.9532
31.471,12.511,7.8531
31.034,12.958,7.7584
30.644,13.446,7.6571
30.429,14.02,7.5354
30.532,14.623,7.4009
30.874,15.138,7.2812
31.301,15.593,7.1744
31.74,16.037,7.0726
32.141,16.517,6.9679
32.395,17.077,6.8541
32.329,17.688,6.7411
32.005,18.221,6.6522
31.58,18.685,6.5822
31.137,19.132,6.5197
30.726,19.61,6.4551
30.448,20.167,6.3772
30.483,20.778,6.2823
30.795,21.321,6.1903
31.213,21.788,6.1089
31.656,22.233,6.0332
32.071,22.705,5.9584
32.366,23.257,5.8802
32.369,23.869,5.8056
32.068,24.423,5.7496
31.651,24.896,5.7102
31.205,25.345,5.6788
30.784,25.815,5.6485
30.479,26.367,5.61
30.455,26.983,5.5569
30.744,27.539,5.4987
31.159,28.014,5.4451
31.603,28.462,5.3964
32.027,28.929,5.3511
32.346,29.472,5.3081
32.38,30.094,5.2725
32.107,30.656,5.2526
31.692,31.136,5.2452
31.247,31.585,5.2445
30.82,32.053,5.2469
30.493,32.59,5.2469
30.448,33.212,5.2353
30.713,33.778,5.2136
31.12,34.264,5.1907
31.566,34.711,5.1705
31.996,35.176,5.1552
32.329,35.709,5.1475
32.395,36.327,5.1524
32.133,36.899,5.1701
31.731,37.38,5.1944
31.282,37.829,5.2238
30.853,38.295,5.257
30.516,38.828,5.2926
30.431,39.441,5.3235
30.682,40.019,5.3407
31.085,40.503,5.3504
31.53,40.955,5.3608
31.962,41.416,5.3767
32.309,41.946,5.4043
32.398,42.559,5.4494
32.165,43.139,5.5044
31.766,43.625,5.5601
31.323,44.075,5.6177
30.892,44.533,5.6794
30.538,45.052,5.748
30.429,45.66,5.8191
30.645,46.244,5.8771
31.039,46.739,5.9215
31.483,47.191,5.963
31.916,47.648,6.0098
32.277,48.16,6.0703
32.412,48.765,6.1534
32.209,49.348,6.2452
31.826,49.845,6.332
31.385,50.296,6.4169
30.951,50.749,6.5052
30.585,51.248,6.6022
30.416,51.842,6.7116
30.59,52.432,6.8115
30.961,52.937,6.8928
31.398,53.389,6.9664
31.835,53.839,7.0438
32.216,54.335,7.1359
32.414,54.917,7.2535
32.275,55.513,7.3848
31.921,56.02,7.5044
31.492,56.472,7.6168
31.056,56.916,7.7303
30.665,57.398,7.855
30.429,57.959,7.9974
30.515,58.561,8.1449
30.844,59.083,8.2703
31.267,59.541,8.3814
31.705,59.983,8.4923
32.109,60.455,8.6154
34.538,9.445,8.6075
34.106,9.8922,8.4863
33.737,10.386,8.3558
33.567,10.97,8.2045
33.712,11.559,8.0534
34.072,12.061,7.926
34.503,12.511,7.8145
34.939,12.957,7.7072
35.328,13.443,7.594
35.549,14.013,7.4648
35.442,14.616,7.3311
35.102,15.134,7.2191
34.674,15.591,7.1235
34.234,16.037,7.0341
33.833,16.519,6.9408
33.577,17.08,6.8345
33.644,17.689,6.7194
33.968,18.22,6.6196
34.392,18.683,6.5349
34.834,19.129,6.457
35.244,19.606,6.3775
35.523,20.16,6.289
35.494,20.772,6.194
35.182,21.316,6.1118
34.763,21.785,6.0446
34.319,22.232,5.9843
33.903,22.704,5.9243
33.606,23.257,5.8568
33.605,23.869,5.782
33.905,24.422,5.7142
34.321,24.895,5.6584
34.766,25.342,5.609
35.186,25.812,5.5615
35.496,26.362,5.51
35.521,26.977,5.455
35.233,27.534,5.4075
34.818,28.011,5.3702
34.373,28.46,5.3393
33.948,28.928,5.3112
33.631,29.473,5.2811
33.588,30.092,5.2469
33.865,30.653,5.2153
34.279,31.133,5.1899
34.723,31.583,5.1698
35.151,32.05,5.1535
35.476,32.588,5.1389
35.53,33.211,5.125
35.264,33.777,5.1146
34.852,34.259,5.1092
34.407,34.708,5.1085
33.977,35.174,5.112
33.645,35.708,5.1188
33.584,36.328,5.1266
33.84,36.901,5.133
34.248,37.384,5.14
34.693,37.834,5.1502
35.123,38.298,5.1652
35.463,38.83,5.1868
35.535,39.444,5.2146
35.288,40.023,5.2432
34.891,40.511,5.2706
34.444,40.959,5.2999
34.01,41.419,5.3342
33.662,41.948,5.3764
33.572,42.558,5.4252
33.81,43.137,5.4708
34.206,43.628,5.511
34.651,44.078,5.5512
35.084,44.537,5.5963
35.437,45.059,5.6521
35.55,45.666,5.7199
35.326,46.245,5.7869
34.933,46.74,5.8473
34.489,47.19,5.9062
34.057,47.647,5.9696
33.7,48.159,6.0439
33.56,48.763,6.1323
33.762,49.346,6.2171
34.148,49.844,6.2909
34.592,50.295,6.3609
35.028,50.749,6.4354
35.39,51.251,6.5219
35.554,51.848,6.6279
35.384,52.438,6.7351
35.01,52.938,6.8289
34.575,53.39,6.9171
34.138,53.839,7.0085
33.758,54.333,7.1123
33.568,54.915,7.2365
33.697,55.513,7.3647
34.053,56.021,7.4751
34.483,56.475,7.5767
34.92,56.92,7.6799
35.314,57.403,7.7956
35.541,57.968,7.9345
35.456,58.57,8.0858
35.125,59.089,8.2201
34.703,59.545,8.3417
34.266,59.986,8.4632
33.863,60.456,8.5958
37.719,9.4449,8.6267
38.154,9.8953,8.5105
38.521,10.389,8.3854
38.691,10.974,8.2369
38.544,11.561,8.0852
38.183,12.062,7.9541
37.753,12.512,7.8371
37.318,12.957,7.7244
36.93,13.442,7.606
36.713,14.014,7.4736
36.812,14.618,7.3415
37.155,15.135,7.2355
37.584,15.593,7.1473
38.024,16.039,7.0657
38.428,16.521,6.9803
38.678,17.085,6.8789
38.611,17.695,6.7634
38.286,18.225,6.6589
37.862,18.686,6.5673
37.421,19.131,6.4814
37.011,19.607,6.3946
36.733,20.161,6.301
36.766,20.773,6.2067
37.076,21.319,6.1309
37.497,21.788,6.0727
37.941,22.235,6.022
38.357,22.709,5.9713
38.655,23.262,5.9107
38.647,23.875,5.8362
38.348,24.427,5.7626
37.932,24.899,5.6981
37.487,25.345,5.6392
37.068,25.815,5.5824
36.757,26.364,5.5241
36.738,26.979,5.4689
37.027,27.536,5.4281
37.441,28.014,5.4006
37.887,28.463,5.3804
38.311,28.932,5.3624
38.629,29.477,5.3402
38.668,30.095,5.3073
38.389,30.655,5.2693
37.977,31.135,5.2343
37.532,31.584,5.2037
37.105,32.051,5.1771
36.781,32.59,5.1548
36.724,33.212,5.1396
36.994,33.776,5.1358
37.404,34.259,5.1405
37.849,34.708,5.1506
38.279,35.174,5.1646
38.609,35.709,5.1794
38.678,36.329,5.1889
38.418,36.9,5.1888
38.01,37.383,5.1857
37.565,37.834,5.185
37.134,38.297,5.1894
36.795,38.83,5.2027
36.72,39.445,5.2288
36.968,40.023,5.263
37.37,40.506,5.2994
37.814,40.956,5.339
38.246,41.418,5.383
38.593,41.946,5.4328
38.681,42.556,5.483
38.448,43.138,5.5231
38.054,43.631,5.5542
37.607,44.079,5.584
37.172,44.537,5.6192
36.818,45.059,5.667
36.709,45.667,5.7325
36.931,46.247,5.8042
37.322,46.742,5.8726
37.765,47.192,5.9405
38.198,47.646,6.0124
38.557,48.157,6.0933
38.697,48.76,6.1838
38.495,49.344,6.2641
38.11,49.843,6.33
37.666,50.295,6.3912
37.23,50.75,6.4571
36.866,51.253,6.5363
36.7,51.849,6.639
36.873,52.438,6.7491
37.247,52.938,6.8495
37.684,53.385,6.9445
38.121,53.832,7.0426
38.496,54.329,7.1527
38.689,54.911,7.2788
38.562,55.509,7.4035
38.206,56.018,7.5072
37.775,56.473,7.6011
37.337,56.919,7.697
36.943,57.404,7.8066
36.716,57.969,7.9418
36.801,58.571,8.0933
37.132,59.089,8.2295
37.554,59.545,8.3534
37.99,59.986,8.4762
38.393,60.455,8.6089
40.82,9.4392,8.695
40.385,9.8856,8.563
40.024,10.38,8.4229
39.848,10.962,8.2682
39.991,11.552,8.1244
40.352,12.057,8.0126
40.784,12.51,7.9198
41.223,12.958,7.833
41.613,13.447,7.7391
41.826,14.022,7.6227
41.724,14.625,7.4896
41.381,15.138,7.3667
40.956,15.593,7.2546
40.518,16.037,7.1472
40.117,16.516,7.0372
39.867,17.076,6.9207
39.924,17.689,6.81
40.25,18.22,6.7288
40.677,18.685,6.6681
41.12,19.133,6.6154
41.533,19.611,6.5605
41.807,20.169,6.4894
41.773,20.784,6.3955
41.461,21.324,6.2992
41.041,21.789,6.2107
40.6,22.235,6.127
40.185,22.704,6.0447
39.888,23.255,5.9613
39.893,23.87,5.8877
40.189,24.425,5.8388
40.608,24.898,5.8097
41.053,25.347,5.7889
41.474,25.818,5.7689
41.785,26.368,5.7388
41.796,26.984,5.6865
41.511,27.541,5.6228
41.097,28.016,5.5606
40.653,28.463,5.5022
40.231,28.93,5.4476
39.909,29.471,5.3976
39.874,30.09,5.3618
40.149,30.653,5.3489
40.562,31.134,5.3515
41.007,31.583,5.3619
41.434,32.051,5.3747
41.761,32.587,5.383
41.815,33.207,5.3736
41.547,33.773,5.3455
41.138,34.256,5.3127
40.693,34.705,5.282
40.265,35.171,5.2563
39.932,35.704,5.2405
39.859,36.322,5.2432
40.119,36.893,5.2668
40.52,37.374,5.3006
40.966,37.825,5.3402
41.398,38.288,5.3834
41.737,38.819,5.4266
41.828,39.432,5.4591
41.58,40.011,5.4697
41.179,40.496,5.4691
40.734,40.948,5.4683
40.3,41.409,5.4732
39.952,41.938,5.4918
39.855,42.55,5.5334
40.086,43.13,5.5928
40.483,43.617,5.6566
40.925,44.066,5.7232
41.357,44.523,5.7934
41.712,45.04,5.8685
41.827,45.647,5.9408
41.619,46.233,5.9934
41.232,46.734,6.0293
40.787,47.184,6.0601
40.348,47.639,6.0963
39.985,48.15,6.148
39.845,48.754,6.227
40.042,49.338,6.3218
40.422,49.836,6.4153
40.861,50.286,6.5077
41.296,50.737,6.6031
41.663,51.234,6.7054
41.84,51.826,6.8164
41.677,52.419,6.9122
41.305,52.925,6.9853
40.866,53.376,7.0494
40.426,53.825,7.1173
40.047,54.324,7.2017
39.852,54.908,7.3147
39.976,55.505,7.4457
40.329,56.012,7.5687
40.757,56.465,7.6852
41.192,56.908,7.8025
41.586,57.388,7.929
41.821,57.949,8.0704
41.746,58.554,8.2125
41.418,59.078,8.3289
40.993,59.537,8.4298
40.554,59.981,8.5308
40.148,60.453,8.6445
44.005,9.4482,8.8117
44.44,9.8989,8.7173
44.81,10.399,8.6124
44.973,10.987,8.4794
44.819,11.575,8.3323
44.457,12.074,8.1963
44.027,12.522,8.07
43.594,12.965,7.9461
43.207,13.45,7.8179
42.99,14.02,7.683
43.102,14.625,7.5626
43.447,15.144,7.4776
43.878,15.604,7.4146
44.321,16.052,7.3592
44.721,16.54,7.2981
44.967,17.109,7.2151
44.888,17.718,7.1034
44.554,18.241,6.9888
44.132,18.7,6.8804
43.693,19.143,6.776
43.287,19.618,6.6716
43.019,20.175,6.5674
43.049,20.789,6.4791
43.368,21.332,6.4261
43.792,21.8,6.3958
44.237,22.249,6.3745
44.654,22.724,6.352
44.94,23.284,6.3121
44.922,23.9,6.241
44.618,24.447,6.1538
44.2,24.913,6.0677
43.758,25.359,5.9848
43.341,25.827,5.9052
43.035,26.376,5.8307
43.03,26.992,5.7784
43.319,27.55,5.7587
43.734,28.028,5.7602
44.182,28.476,5.7713
44.605,28.946,5.7831
44.92,29.492,5.7841
44.947,30.112,5.7553
44.662,30.668,5.7009
44.249,31.145,5.6404
43.804,31.591,5.5818
43.381,32.059,5.5283
43.061,32.599,5.4857
43.009,33.22,5.4682
43.282,33.783,5.4836
43.694,34.264,5.5165
44.142,34.709,5.5572
44.568,35.176,5.5997
44.894,35.712,5.6361
44.959,36.333,5.6493
44.699,36.904,5.6311
44.291,37.386,5.5999
43.846,37.835,5.5685
43.416,38.299,5.5432
43.077,38.831,5.5325
42.998,39.444,5.5514
43.25,40.021,5.6005
43.65,40.503,5.6614
44.093,40.951,5.728
44.523,41.411,5.7978
44.872,41.936,5.8672
44.966,42.545,5.92
44.736,43.129,5.9418
44.338,43.619,5.9439
43.894,44.071,5.943
43.46,44.531,5.9485
43.104,45.053,5.9709
42.994,45.662,6.0262
43.211,46.243,6.1074
43.601,46.734,6.1957
44.041,47.183,6.2861
44.472,47.636,6.3794
44.834,48.141,6.4762
44.976,48.743,6.5688
44.785,49.333,6.6335
44.401,49.835,6.6736
43.96,50.287,6.7064
43.522,50.743,6.7447
43.149,51.249,6.8002
42.985,51.845,6.8894
43.157,52.435,7.0036
43.527,52.935,7.1175
43.959,53.383,7.229
44.393,53.83,7.3426
44.774,54.32,7.4628
44.978,54.897,7.5894
44.847,55.499,7.7004
44.493,56.014,7.7825
44.06,56.471,7.8522
43.62,56.919,7.9241
43.225,57.407,8.0119
42.993,57.975,8.1307
43.088,58.575,8.2778
43.419,59.092,8.4194
43.839,59.547,8.5522
44.274,59.987,8.6841
44.676,60.455,8.8234
47.106,9.4426,8.9772
46.674,9.89,8.8427
46.307,10.38,8.7028
46.133,10.964,8.5547
46.277,11.557,8.4281
46.641,12.064,8.3404
47.077,12.519,8.2745
47.516,12.97,8.2149
47.907,13.463,8.1477
48.115,14.043,8.0523
47.996,14.645,7.9266
47.65,15.156,7.7995
47.224,15.608,7.6774
46.788,16.05,7.5579
46.391,16.529,7.437
46.142,17.09,7.317
46.216,17.701,7.2201
46.546,18.235,7.1638
46.975,18.7,7.1326
47.42,19.149,7.1105
47.829,19.632,7.0844
48.098,20.196,7.036
48.05,20.807,6.9485
47.728,21.342,6.842
47.31,21.804,6.736
46.87,22.247,6.6325
46.46,22.717,6.5316
46.172,23.269,6.437
46.175,23.883,6.3699
46.481,24.436,6.3459
46.901,24.908,6.3473
47.347,25.357,6.3588
47.767,25.829,6.3699
48.068,26.384,6.3633
48.078,27.002,6.3173
47.786,27.554,6.2396
47.371,28.025,6.1546
46.93,28.47,6.0711
46.508,28.935,5.9923
46.192,29.476,5.925
46.162,30.097,5.8907
46.434,30.66,5.8983
46.843,31.144,5.9299
47.291,31.588,5.9721
47.719,32.053,6.0152
48.046,32.588,6.0469
48.094,33.208,6.0418
47.829,33.775,5.9974
47.424,34.258,5.9384
46.98,34.704,5.8783
46.551,35.167,5.8241
46.216,35.698,5.7855
46.143,36.315,5.7828
46.399,36.887,5.8224
46.797,37.368,5.8815
47.243,37.816,5.9494
47.672,38.278,6.0193
48.015,38.805,6.0832
48.113,39.415,6.1197
47.872,39.997,6.1118
47.473,40.483,6.0826
47.027,40.932,6.0496
46.595,41.393,6.0234
46.245,41.921,6.0155
46.133,42.531,6.0447
46.358,43.112,6.1139
46.751,43.6,6.1985
47.193,44.044,6.2887
47.624,44.497,6.3811
47.981,45.012,6.4727
48.117,45.616,6.5474
47.92,46.205,6.5819
47.53,46.706,6.5874
47.087,47.16,6.5866
46.65,47.616,6.5913
46.281,48.126,6.6148
46.133,48.73,6.6776
46.311,49.317,6.7747
46.688,49.815,6.8825
47.121,50.263,6.9913
47.555,50.711,7.1025
47.932,51.204,7.2163
48.115,51.793,7.326
47.973,52.393,7.4055
47.606,52.905,7.4521
47.168,53.361,7.4873
46.728,53.814,7.5268
46.338,54.308,7.5832
46.131,54.89,7.6761
46.254,55.491,7.803
46.601,56,7.9321
47.027,56.452,8.0576
47.462,56.893,8.1834
47.858,57.37,8.3147
48.105,57.928,8.4527
48.034,58.536,8.5794
47.71,59.066,8.6739
47.284,59.529,8.7512
46.843,59.975,8.8284
46.434,60.45,8.9194
50.291,9.4509,9.1918
50.728,9.9044,9.1266
51.099,10.409,9.0506
51.257,11.005,8.9427
51.093,11.593,8.8099
50.726,12.089,8.6773
50.296,12.535,8.5488
49.864,12.979,8.4212
49.481,13.466,8.2908
49.277,14.042,8.162
49.393,14.648,8.062
49.748,15.166,8.007
50.183,15.625,7.976
50.626,16.076,7.9526
51.026,16.568,7.9227
51.253,17.145,7.8631
51.154,17.754,7.7602
50.813,18.272,7.6409
50.389,18.726,7.5213
49.952,19.168,7.4033
49.55,19.644,7.2867
49.29,20.204,7.1788
49.348,20.818,7.1065
49.674,21.36,7.0821
50.101,21.826,7.0854
50.546,22.275,7.0981
50.958,22.755,7.1076
51.236,23.32,7.0929
51.193,23.933,7.0275
50.879,24.473,6.929
50.461,24.936,6.824
50.021,25.379,6.7198
49.61,25.848,6.6203
49.311,26.399,6.5335
49.318,27.015,6.489
49.617,27.569,6.4954
50.035,28.043,6.5292
50.48,28.49,6.5733
50.9,28.962,6.6164
51.209,29.511,6.6414
51.224,30.131,6.6171
50.935,30.683,6.5467
50.522,31.157,6.4617
50.081,31.601,6.3763
49.659,32.067,6.2968
49.342,32.606,6.2354
49.294,33.228,6.2168
49.57,33.789,6.2519
49.98,34.268,6.3126
50.422,34.715,6.3826
50.849,35.178,6.4537
51.177,35.711,6.5118
51.242,36.332,6.5284
50.983,36.902,6.4917
50.576,37.383,6.4323
50.134,37.831,6.3701
49.704,38.293,6.3146
49.363,38.823,6.2788
49.289,39.437,6.2901
49.53,40.016,6.3508
49.922,40.501,6.4337
50.365,40.945,6.5256
50.796,41.4,6.6193
51.148,41.92,6.7067
51.255,42.527,6.7614
51.029,43.112,6.7629
50.636,43.607,6.7351
50.191,44.057,6.7006
49.757,44.515,6.6729
49.398,45.037,6.6662
49.27,45.644,6.704
49.482,46.224,6.79
49.869,46.716,6.8943
50.308,47.161,7.0034
50.738,47.611,7.1141
51.101,48.115,7.2229
51.262,48.714,7.3144
51.085,49.307,7.3585
50.703,49.813,7.3668
50.263,50.268,7.366
49.823,50.723,7.3702
49.445,51.227,7.3943
49.266,51.824,7.4606
49.428,52.416,7.5699
49.794,52.917,7.6908
50.224,53.365,7.8124
50.657,53.809,7.9352
51.043,54.295,8.06
51.254,54.871,8.1805
51.141,55.48,8.2711
50.79,55.999,8.3238
50.355,56.459,8.3625
49.913,56.909,8.4042
49.514,57.398,8.4632
49.278,57.967,8.5587
49.37,58.572,8.6938
49.699,59.09,8.8327
50.12,59.544,8.9661
50.555,59.984,9.0979
50.958,60.453,9.2338
53.388,9.4445,9.4506
52.957,9.8903,9.3224
52.588,10.384,9.1902
52.417,10.972,9.0589
52.567,11.569,8.9601
52.937,12.078,8.9057
53.375,12.534,8.874
53.815,12.987,8.8488
54.204,13.485,8.8155
54.403,14.072,8.7488
54.264,14.674,8.6379
53.912,15.181,8.5133
53.484,15.631,8.3874
53.05,16.073,8.262
52.658,16.555,8.1371
52.42,17.121,8.0221
52.512,17.733,7.9485
52.853,18.263,7.9258
53.284,18.726,7.9304
53.729,19.176,7.9443
54.134,19.663,7.9526
54.386,20.236,7.9306
54.319,20.846,7.8534
53.986,21.374,7.741
53.566,21.832,7.6221
53.128,22.273,7.5034
52.723,22.744,7.3888
52.448,23.302,7.2895
52.47,23.917,7.2366
52.786,24.465,7.2435
53.209,24.933,7.2801
53.653,25.382,7.327
54.07,25.854,7.3716
54.363,26.413,7.391
54.349,27.032,7.3501
54.05,27.579,7.2599
53.635,28.045,7.154
53.196,28.487,7.0472
52.779,28.952,6.9462
52.468,29.494,6.8639
52.45,30.114,6.8346
52.73,30.673,6.8659
53.141,31.152,6.9284
53.585,31.596,7.0023
54.009,32.061,7.0754
54.331,32.598,7.1304
54.38,33.218,7.1307
54.108,33.78,7.0684
53.701,34.258,6.9825
53.258,34.7,6.8932
52.834,35.163,6.811
52.504,35.695,6.7505
52.426,36.314,6.7409
52.678,36.886,6.7955
53.08,37.366,6.8801
53.519,37.812,6.9746
53.947,38.268,7.0703
54.294,38.789,7.1544
54.399,39.398,7.1945
54.165,39.982,7.1677
53.771,40.469,7.109
53.33,40.918,7.0434
52.896,41.377,6.9842
52.535,41.898,6.9458
52.418,42.504,6.9601
52.629,43.09,7.0345
53.014,43.58,7.1366
53.45,44.025,7.2471
53.881,44.476,7.3594
54.249,44.98,7.466
54.401,45.578,7.5408
54.22,46.175,7.5553
53.838,46.68,7.5293
53.397,47.134,7.4929
52.959,47.589,7.462
52.581,48.093,7.4511
52.412,48.694,7.4883
52.577,49.286,7.581
52.946,49.788,7.6972
53.379,50.237,7.8187
53.812,50.683,7.9412
54.193,51.167,8.0608
54.399,51.751,8.1655
54.273,52.358,8.2222
53.914,52.877,8.2357
53.478,53.335,8.2349
53.035,53.788,8.2379
52.639,54.28,8.2587
52.415,54.86,8.3208
52.526,55.466,8.433
52.867,55.98,8.5602
53.291,56.432,8.688
53.726,56.873,8.8154
54.126,57.348,8.9442
54.384,57.904,9.0703
54.325,58.518,9.1711
54.002,59.054,9.2329
53.576,59.521,9.2767
53.132,59.969,9.3215
52.72,60.446,9.381
56.577,9.4533,9.7676
57.016,9.9094,9.7407
57.387,10.418,9.7034
57.539,11.019,9.6301
57.366,11.61,9.519
56.994,12.106,9.3956
56.563,12.552,9.2708
56.131,12.997,9.1455
55.75,13.488,9.02
55.553,14.069,8.9068
55.693,14.677,8.8394
56.054,15.193,8.822
56.492,15.651,8.8296
56.935,16.103,8.8447
57.327,16.602,8.8515
57.544,17.185,8.8229
57.42,17.791,8.7341
57.069,18.303,8.6151
56.644,18.755,8.4893
56.208,19.196,8.3632
55.813,19.676,8.241
55.57,20.245,8.1377
55.642,20.858,8.0891
55.984,21.391,8.1022
56.412,21.855,8.1433
56.856,22.304,8.1939
57.263,22.785,8.2392
57.528,23.358,8.2522
57.467,23.97,8.1957
57.14,24.502,8.0888
56.721,24.96,7.9682
56.283,25.401,7.8465
55.875,25.87,7.7309
55.589,26.425,7.6374
55.611,27.045,7.6059
55.917,27.594,7.6416
56.338,28.062,7.7098
56.781,28.508,7.7883
57.197,28.979,7.8641
57.499,29.528,7.914
57.496,30.151,7.8928
57.206,30.7,7.8084
56.796,31.172,7.7006
56.355,31.612,7.589
55.936,32.076,7.4845
55.618,32.613,7.4041
55.582,33.233,7.387
55.858,33.795,7.442
56.265,34.272,7.5304
56.706,34.715,7.6301
57.129,35.177,7.729
57.46,35.706,7.8092
57.529,36.323,7.8297
57.27,36.893,7.7735
56.872,37.371,7.6865
56.429,37.817,7.5922
56.001,38.278,7.5053
55.657,38.805,7.4427
55.559,39.416,7.4391
55.8,39.995,7.5105
56.192,40.476,7.6141
56.631,40.92,7.7289
57.058,41.373,7.8441
57.413,41.889,7.9473
57.545,42.492,8.0054
57.333,43.082,7.9864
56.943,43.576,7.9262
56.501,44.025,7.8563
56.066,44.48,7.7929
55.701,44.997,7.7526
55.552,45.602,7.7663
55.742,46.188,7.8491
56.123,46.684,7.9644
56.558,47.128,8.0879
56.991,47.574,8.2121
57.361,48.071,8.3289
57.543,48.666,8.4163
57.391,49.265,8.4385
57.017,49.778,8.4125
56.578,50.236,8.374
56.136,50.69,8.3397
55.753,51.186,8.3257
55.559,51.782,8.3607
55.693,52.382,8.4545
56.051,52.888,8.5757
56.48,53.337,8.7018
56.913,53.78,8.8282
57.305,54.262,8.9521
57.531,54.836,9.0603
57.439,55.45,9.1233
57.093,55.976,9.1392
56.659,56.438,9.1391
56.215,56.889,9.142
55.81,57.377,9.162
55.565,57.948,9.2217
55.647,58.559,9.3326
55.975,59.081,9.4595
56.397,59.538,9.5855
56.833,59.979,9.7097
57.238,60.449,9.8338
59.669,9.4467,10.128
59.236,9.8947,10.011
58.866,10.392,9.8934
58.7,10.987,9.7874
58.86,11.587,9.7269
59.235,12.095,9.7145
59.675,12.551,9.7245
60.115,13.005,9.7411
60.501,13.508,9.7495
60.685,14.101,9.7187
60.533,14.705,9.6293
60.171,15.208,9.5118
59.741,15.657,9.3864
59.308,16.1,9.2603
58.919,16.587,9.1375
58.697,17.162,9.0364
58.813,17.774,8.9968
59.165,18.298,9.0156
59.598,18.758,9.0621
60.041,19.207,9.1173
60.44,19.698,9.165
60.677,20.277,9.175
60.585,20.886,9.1105
60.241,21.408,8.9952
59.82,21.862,8.8669
59.383,22.302,8.7369
58.983,22.776,8.6136
58.722,23.342,8.5161
58.767,23.956,8.4862
59.095,24.497,8.5294
59.519,24.961,8.6038
59.961,25.407,8.6883
60.372,25.881,8.7682
60.651,26.445,8.8143
60.625,27.064,8.7822
60.314,27.603,8.6805
59.898,28.065,8.5561
59.461,28.505,8.4289
59.047,28.969,8.3086
58.746,29.514,8.2153
58.738,30.138,8.1945
59.026,30.691,8.252
59.44,31.163,8.347
59.88,31.606,8.4529
60.3,32.07,8.5571
60.619,32.605,8.6363
60.654,33.228,8.6394
60.387,33.789,8.5619
59.984,34.267,8.4509
59.545,34.707,8.3328
59.12,35.164,8.2217
58.784,35.69,8.1367
58.711,36.306,8.1214
58.96,36.88,8.1901
59.355,37.362,8.2978
59.793,37.804,8.4186
60.219,38.256,8.5393
60.569,38.773,8.6433
60.682,39.38,8.6863
60.456,39.967,8.6391
60.07,40.455,8.5496
59.631,40.902,8.4494
59.197,41.356,8.3548
58.833,41.871,8.2841
58.693,42.474,8.2752
58.896,43.063,8.351
59.275,43.556,8.4665
59.708,44.001,8.5944
60.139,44.447,8.7234
60.512,44.947,8.8419
60.69,45.539,8.9171
60.523,46.138,8.9082
60.149,46.648,8.8468
59.712,47.1,8.772
59.273,47.551,8.7016
58.891,48.052,8.6527
58.693,48.648,8.6556
58.837,49.246,8.7344
59.2,49.753,8.8532
59.63,50.202,8.9819
60.066,50.644,9.1114
60.45,51.128,9.2331
60.677,51.709,9.3291
60.577,52.319,9.3596
60.226,52.843,9.3346
59.793,53.304,9.2931
59.349,53.754,9.2544
58.948,54.243,9.2332
58.711,54.823,9.2567
58.793,55.435,9.3419
59.129,55.955,9.4592
59.552,56.41,9.5827
59.989,56.852,9.7056
60.394,57.325,9.8258
60.658,57.883,9.9321
60.615,58.504,9.9979
60.294,59.044,10.017
59.867,59.513,10.017
59.421,59.963,10.02
59.006,60.441,10.038
