59.112,9.9728,13.052
59.112,9.9728,13.052
58.6,10.312,12.904
57.994,10.408,12.782
57.41,10.184,12.716
56.918,9.7861,12.691
56.465,9.3408,12.677
56.003,8.906,12.657
55.481,8.5482,12.612
54.879,8.4334,12.516
54.299,8.6469,12.379
53.813,9.0284,12.238
53.37,9.462,12.101
52.923,9.891,11.965
52.421,10.259,11.83
51.833,10.425,11.706
51.237,10.248,11.621
50.728,9.872,11.572
50.272,9.4315,11.537
49.817,8.9903,11.5
49.311,8.6104,11.443
48.72,8.4263,11.349
48.129,8.58,11.223
47.623,8.9459,11.095
47.172,9.3759,10.974
46.727,9.8129,10.856
46.239,10.199,10.738
45.657,10.414,10.618
45.054,10.304,10.52
44.532,9.9475,10.452
44.072,9.5144,10.398
43.621,9.0704,10.343
43.132,8.6729,10.275
42.553,8.4422,10.178
41.948,8.5301,10.059
41.427,8.8707,9.945
40.968,9.2977,9.8416
40.522,9.7383,9.7428
40.043,10.142,9.6422
39.477,10.397,9.5339
38.863,10.343,9.4276
38.33,10.016,9.3416
37.864,9.5894,9.2671
37.417,9.146,9.193
36.939,8.734,9.1099
36.383,8.4598,9.0082
35.768,8.492,8.892
35.227,8.802,8.7908
34.76,9.2238,8.7058
34.313,9.6673,8.6272
33.839,10.084,8.5464
33.291,10.379,8.4534
32.677,10.372,8.3459
32.125,10.078,8.243
31.654,9.6683,8.1487
31.21,9.222,8.0552
30.743,8.8016,7.9551
30.205,8.4886,7.8421
29.596,8.4601,7.7256
29.033,8.7365,7.6317
28.555,9.1448,7.5624
28.106,9.5918,7.5032
27.64,10.017,7.4421
27.101,10.345,7.3651
26.492,10.402,7.2613
25.93,10.14,7.1452
25.451,9.7381,7.0317
25.007,9.2968,6.9186
24.55,8.8735,6.8015
24.028,8.5346,6.6759
23.425,8.4342,6.5533
22.85,8.6672,6.4658
22.357,9.0673,6.4111
21.906,9.5161,6.3711
21.445,9.9492,6.3301
20.923,10.299,6.272
20.314,10.416,6.1763
19.739,10.203,6.0509
19.252,9.8162,5.9197
18.809,9.3763,5.7872
18.361,8.9454,5.6523
17.862,8.5899,5.5143
17.267,8.4323,5.3814
16.672,8.6019,5.2916
16.167,8.9816,5.2488
15.71,9.4224,5.2262
15.254,9.8636,5.2067
14.749,10.245,5.1727
14.153,10.417,5.0953
13.557,10.261,4.9694
13.058,9.8983,4.827
12.612,9.4704,4.681
12.171,9.0394,4.5323
11.688,8.6535,4.3801
11.119,8.4367,4.2359
10.508,8.5429,4.1361
9.9836,8.8929,4.0962
9.5213,9.3286,4.0861
9.0691,9.774,4.0822
8.5773,10.175,4.0649
59.549,12.426,12.703
59.083,11.995,12.701
58.552,11.658,12.671
57.941,11.587,12.581
57.374,11.831,12.448
56.898,12.223,12.309
56.457,12.658,12.171
56.007,13.083,12.036
55.495,13.432,11.905
54.897,13.563,11.795
54.307,13.351,11.735
53.811,12.96,11.712
53.357,12.517,11.699
52.9,12.079,11.682
52.383,11.712,11.643
51.784,11.568,11.56
51.2,11.762,11.439
50.706,12.138,11.314
50.26,12.572,11.193
49.812,13.004,11.075
49.314,13.381,10.958
48.728,13.566,10.849
48.13,13.408,10.772
47.615,13.039,10.726
47.16,12.599,10.693
46.708,12.157,10.657
46.207,11.773,10.606
45.616,11.574,10.523
45.019,11.704,10.414
44.508,12.064,10.305
44.054,12.494,10.202
43.607,12.933,10.103
43.122,13.326,10.004
42.542,13.55,9.9022
41.933,13.454,9.8135
41.409,13.107,9.7489
40.949,12.674,9.6954
40.499,12.231,9.6413
40.014,11.828,9.577
39.443,11.583,9.4905
38.83,11.664,9.3862
38.304,11.996,9.2908
37.842,12.424,9.2065
37.395,12.866,9.127
36.915,13.273,9.0458
36.355,13.541,8.9568
35.74,13.487,8.8635
35.202,13.168,8.7824
34.736,12.744,8.71
34.289,12.301,8.6376
33.813,11.889,8.5577
33.261,11.604,8.4639
32.649,11.627,8.3627
32.102,11.933,8.2781
31.633,12.35,8.2111
31.184,12.797,8.1506
30.711,13.214,8.0881
30.161,13.516,8.0127
29.549,13.522,7.9191
28.997,13.228,7.8221
28.526,12.816,7.7303
28.08,12.373,7.6383
27.616,11.954,7.5414
27.077,11.637,7.4348
26.468,11.594,7.3307
25.906,11.868,7.2545
25.424,12.278,7.2027
24.974,12.725,7.1612
24.509,13.151,7.1187
23.972,13.48,7.0605
23.36,13.546,6.9717
22.799,13.29,6.8637
22.318,12.888,6.7533
21.872,12.447,6.6418
21.418,12.023,6.5275
20.902,11.683,6.4083
20.295,11.574,6.2952
19.718,11.802,6.2228
19.224,12.2,6.185
18.773,12.643,6.1621
18.312,13.079,6.1398
17.793,13.435,6.1016
17.184,13.562,6.0235
16.606,13.349,5.9071
16.119,12.966,5.7802
15.674,12.533,5.6509
15.228,12.103,5.5191
14.729,11.737,5.3855
14.14,11.566,5.2642
13.541,11.739,5.1925
13.034,12.115,5.1687
12.578,12.555,5.1657
12.123,12.996,5.1656
11.616,13.379,5.1504
11.026,13.566,5.0914
10.43,13.409,4.9723
9.9291,13.05,4.8302
9.4831,12.625,4.6816
9.044,12.194,4.5295
8.5653,11.808,4.3749
59.562,15.836,12.104
59.11,16.258,11.969
58.596,16.597,11.842
57.989,16.691,11.747
57.406,16.465,11.707
56.916,16.068,11.706
56.465,15.624,11.714
56.006,15.191,11.716
55.486,14.833,11.696
54.883,14.718,11.627
54.301,14.929,11.514
53.814,15.311,11.393
53.37,15.745,11.274
52.922,16.174,11.157
52.419,16.542,11.043
51.829,16.708,10.946
51.233,16.53,10.888
50.726,16.154,10.864
50.272,15.715,10.85
49.819,15.275,10.834
49.314,14.895,10.802
48.723,14.709,10.735
48.13,14.863,10.635
47.623,15.229,10.529
47.173,15.659,10.428
46.726,16.096,10.329
46.237,16.483,10.232
45.655,16.699,10.139
45.052,16.586,10.068
44.531,16.229,10.024
44.071,15.797,9.9904
43.622,15.354,9.9561
43.134,14.957,9.9108
42.554,14.727,9.8402
41.947,14.814,9.7478
41.426,15.154,9.6568
40.967,15.582,9.5734
40.521,16.022,9.494
40.042,16.426,9.4144
39.477,16.683,9.3312
38.861,16.623,9.2523
38.328,16.298,9.1903
37.863,15.871,9.1373
37.416,15.428,9.0844
36.938,15.017,9.0239
36.383,14.74,8.9482
35.767,14.778,8.8597
35.226,15.087,8.7815
34.756,15.505,8.7159
34.312,15.95,8.6566
33.839,16.366,8.5962
33.29,16.662,8.5274
32.676,16.658,8.4474
32.126,16.36,8.3698
31.657,15.948,8.2978
31.212,15.502,8.2255
30.743,15.084,8.148
30.202,14.774,8.0606
29.592,14.74,7.9713
29.031,15.021,7.9018
28.556,15.431,7.8525
28.11,15.879,7.8118
27.643,16.301,7.77
27.103,16.625,7.7158
26.491,16.685,7.6391
25.928,16.424,7.5484
25.45,16.02,7.4576
25.004,15.58,7.366
24.548,15.154,7.2715
24.026,14.815,7.1713
23.417,14.724,7.0763
22.842,14.954,7.0127
22.352,15.355,6.9784
21.899,15.8,6.9562
21.441,16.232,6.9349
20.923,16.585,6.9008
20.313,16.694,6.8317
19.735,16.483,6.733
19.247,16.096,6.6245
18.802,15.661,6.5141
18.352,15.231,6.4007
17.852,14.867,6.2853
17.255,14.715,6.1802
16.661,14.893,6.1173
16.158,15.272,6.0962
15.704,15.712,6.0932
15.249,16.151,6.0931
14.745,16.53,6.081
14.151,16.705,6.0299
13.554,16.542,5.9284
13.054,16.178,5.8068
12.608,15.749,5.6792
12.165,15.317,5.5489
11.68,14.932,5.4174
11.109,14.715,5.2988
10.499,14.832,5.23
9.9767,15.183,5.2154
9.5165,15.616,5.2264
9.0665,16.06,5.2427
8.5765,16.459,5.2471
59.552,18.711,11.599
59.088,18.282,11.618
58.56,17.944,11.611
57.949,17.872,11.549
57.378,18.112,11.441
56.9,18.504,11.323
56.459,18.94,11.205
56.007,19.365,11.091
55.496,19.719,10.983
54.897,19.845,10.9
54.307,19.632,10.866
53.812,19.244,10.864
53.36,18.803,10.871
52.904,18.367,10.874
52.389,18.001,10.858
51.79,17.851,10.803
51.204,18.042,10.709
50.709,18.42,10.607
50.261,18.853,10.507
49.814,19.287,10.409
49.315,19.663,10.315
48.724,19.842,10.232
48.126,19.693,10.181
47.614,19.321,10.159
47.159,18.885,10.146
46.707,18.444,10.13
46.211,18.058,10.103
45.621,17.861,10.046
45.02,17.988,9.9638
44.508,18.347,9.8772
44.054,18.778,9.7954
43.607,19.216,9.7166
43.122,19.61,9.6391
42.543,19.838,9.563
41.933,19.735,9.5019
41.407,19.393,9.46
40.946,18.963,9.4267
40.501,18.517,9.3932
40.017,18.115,9.3504
39.447,17.865,9.2897
38.835,17.946,9.2127
38.307,18.277,9.1408
37.844,18.702,9.0772
37.399,19.146,9.0182
36.919,19.553,8.9588
36.36,19.822,8.8952
35.743,19.776,8.8293
35.209,19.456,8.7724
34.745,19.035,8.7206
34.297,18.588,8.6678
33.82,18.177,8.609
33.267,17.892,8.5396
32.653,17.904,8.4655
32.107,18.212,8.4057
31.64,18.629,8.36
31.193,19.076,8.3204
30.72,19.492,8.2794
30.17,19.792,8.229
29.557,19.809,8.163
29.003,19.517,8.0902
28.533,19.104,8.0189
28.09,18.658,7.9463
27.625,18.241,7.8698
27.084,17.926,7.787
26.473,17.876,7.7093
25.91,18.147,7.6581
25.431,18.557,7.6286
24.985,19.006,7.6086
24.521,19.43,7.5876
23.985,19.759,7.554
23.371,19.829,7.4931
22.806,19.579,7.41
22.325,19.177,7.3205
21.878,18.737,7.2285
21.424,18.311,7.1343
20.909,17.967,7.0381
20.299,17.863,6.9528
19.721,18.083,6.9057
19.228,18.48,6.8908
18.778,18.921,6.8886
18.32,19.356,6.8877
17.805,19.715,6.8741
17.197,19.837,6.8232
16.613,19.637,6.7337
16.123,19.254,6.6285
15.678,18.82,6.5189
15.231,18.39,6.4069
14.733,18.02,6.2951
14.141,17.856,6.2003
13.54,18.023,6.1537
13.035,18.397,6.1523
12.581,18.835,6.1697
12.128,19.274,6.1898
11.626,19.659,6.1983
11.037,19.847,6.1658
10.438,19.696,6.0735
9.9341,19.338,5.9526
9.4871,18.912,5.8224
9.0472,18.48,5.6885
8.5675,18.092,5.5543
59.56,22.121,11.004
59.107,22.543,10.889
58.59,22.883,10.785
57.981,22.973,10.718
57.4,22.744,10.705
56.913,22.348,10.725
56.464,21.906,10.753
56.006,21.475,10.775
55.488,21.117,10.778
54.885,21,10.735
54.301,21.212,10.648
53.813,21.595,10.549
53.369,22.03,10.45
52.92,22.46,10.353
52.415,22.829,10.262
51.823,22.991,10.191
51.228,22.81,10.161
50.723,22.434,10.159
50.271,21.996,10.166
49.819,21.558,10.17
49.315,21.179,10.16
48.723,20.993,10.119
48.129,21.146,10.046
47.622,21.514,9.9624
47.17,21.945,9.8814
46.724,22.382,9.8032
46.234,22.768,9.7281
45.649,22.98,9.661
45.045,22.866,9.6173
44.526,22.509,9.5966
44.068,22.077,9.5837
43.619,21.635,9.5693
43.132,21.239,9.5457
42.552,21.009,9.501
41.944,21.098,9.4356
41.422,21.44,9.3681
40.964,21.868,9.3054
40.518,22.309,9.2461
40.038,22.713,9.1882
39.471,22.967,9.1303
38.854,22.905,9.0791
38.319,22.582,9.0407
37.854,22.157,9.0084
37.413,21.71,8.976
36.936,21.298,8.9368
36.379,21.023,8.8857
35.762,21.062,8.8247
35.222,21.37,8.7712
34.755,21.786,8.7272
34.309,22.235,8.688
33.837,22.653,8.649
33.288,22.946,8.6048
32.672,22.937,8.5523
32.121,22.641,8.4992
31.65,22.23,8.448
31.206,21.784,8.3957
30.739,21.364,8.3389
30.197,21.052,8.2755
29.587,21.027,8.2138
29.025,21.309,8.1697
28.549,21.716,8.1418
28.102,22.162,8.1214
27.638,22.586,8.1009
27.099,22.912,8.0715
26.489,22.967,8.022
25.925,22.703,7.9564
25.446,22.3,7.8868
25.002,21.857,7.815
24.544,21.434,7.7403
24.017,21.096,7.6628
23.41,21.003,7.5949
22.837,21.241,7.5585
22.349,21.642,7.5467
21.902,22.089,7.5459
21.443,22.519,7.5452
20.923,22.866,7.5335
20.311,22.98,7.4922
19.734,22.767,7.419
19.245,22.377,7.3321
18.8,21.942,7.2412
18.35,21.511,7.1477
17.847,21.148,7.0545
17.246,21.001,6.9763
16.653,21.18,6.9405
16.153,21.56,6.9425
15.701,21.998,6.96
15.248,22.435,6.9801
14.745,22.813,6.9905
14.15,22.984,6.9654
13.551,22.824,6.891
13.051,22.459,6.7913
12.604,22.028,6.6833
12.16,21.596,6.5724
11.673,21.21,6.462
11.098,20.999,6.3693
10.488,21.12,6.3287
9.969,21.472,6.3388
9.5116,21.905,6.3714
9.0636,22.345,6.4084
8.5757,22.743,6.4356
59.554,24.997,10.499
59.093,24.569,10.539
58.567,24.231,10.556
57.955,24.154,10.522
57.382,24.392,10.44
56.903,24.785,10.343
56.46,25.222,10.244
56.008,25.648,10.149
55.495,26.003,10.063
54.894,26.123,10.008
54.304,25.914,10
53.811,25.527,10.02
53.362,25.087,10.048
52.907,24.653,10.071
52.394,24.285,10.079
51.797,24.135,10.051
51.208,24.325,9.9835
50.71,24.701,9.9031
50.263,25.136,9.8225
49.814,25.57,9.7448
49.314,25.947,9.6724
48.725,26.132,9.616
48.128,25.975,9.5928
47.616,25.606,9.5931
47.162,25.171,9.6005
46.712,24.731,9.6057
46.216,24.346,9.6003
45.628,24.136,9.5715
45.029,24.268,9.5156
44.514,24.626,9.4518
44.059,25.055,9.3902
43.613,25.495,9.3314
43.126,25.888,9.2754
42.547,26.12,9.225
41.939,26.024,9.1909
41.416,25.677,9.1733
40.956,25.248,9.1609
40.509,24.806,9.1471
40.025,24.404,9.1263
39.454,24.157,9.0909
38.84,24.223,9.0417
38.313,24.556,8.9935
37.851,24.982,8.9506
37.404,25.423,8.9114
36.926,25.833,8.8735
36.366,26.099,8.8348
35.747,26.06,8.7965
35.21,25.742,8.7634
34.744,25.318,8.7326
34.298,24.876,8.7002
33.825,24.461,8.663
33.273,24.174,8.6187
32.657,24.193,8.5721
32.107,24.492,8.5362
31.637,24.905,8.5112
31.192,25.352,8.4915
30.723,25.772,8.4721
30.176,26.079,8.4467
29.564,26.09,8.408
29.007,25.801,8.3602
28.534,25.392,8.3101
28.09,24.948,8.2576
27.625,24.528,8.2021
27.086,24.207,8.1434
26.476,24.158,8.0934
25.913,24.429,8.0674
25.434,24.837,8.0591
24.988,25.283,8.0587
24.525,25.707,8.0582
23.991,26.038,8.0489
23.378,26.116,8.0162
22.812,25.866,7.9585
22.33,25.464,7.8907
21.887,25.019,7.8188
21.431,24.594,7.745
20.912,24.253,7.672
20.302,24.144,7.6135
19.723,24.364,7.5924
19.232,24.759,7.5992
18.783,25.199,7.6171
18.327,25.633,7.6367
17.815,25.993,7.6464
17.207,26.121,7.6235
16.621,25.925,7.5606
16.13,25.542,7.4773
15.683,25.108,7.3875
15.235,24.677,7.2954
14.736,24.306,7.2057
14.143,24.141,7.1371
13.542,24.305,7.117
13.038,24.677,7.138
12.586,25.113,7.1754
12.136,25.55,7.2156
11.637,25.936,7.2468
11.05,26.128,7.2416
10.448,25.985,7.1774
9.9409,25.628,7.0795
9.4922,25.2,6.9697
9.0509,24.767,6.8558
8.5697,24.377,6.7435
59.559,28.406,9.9009
59.104,28.829,9.8061
58.584,29.169,9.726
57.974,29.255,9.6865
57.395,29.024,9.7
56.91,28.628,9.7416
56.463,28.189,9.7891
56.007,27.759,9.832
55.491,27.402,9.8581
54.888,27.283,9.8428
54.302,27.494,9.7817
53.813,27.878,9.7039
53.367,28.315,9.6239
52.917,28.746,9.5472
52.41,29.114,9.4787
51.816,29.274,9.4343
51.223,29.091,9.4311
50.72,28.714,9.4521
50.269,28.277,9.4795
49.818,27.841,9.5041
49.315,27.462,9.517
48.724,27.275,9.5036
48.129,27.43,9.4562
47.62,27.798,9.3954
47.168,28.23,9.3345
46.721,28.668,9.2762
46.23,29.054,9.2229
45.643,29.266,9.1819
45.041,29.147,9.1657
44.523,28.789,9.1685
44.066,28.359,9.1761
43.618,27.917,9.182
43.131,27.522,9.1804
42.551,27.292,9.1616
41.942,27.382,9.1235
41.421,27.725,9.0791
40.962,28.153,9.0368
40.516,28.594,8.9974
40.035,28.997,8.9608
39.467,29.248,8.9283
38.85,29.187,8.9048
38.32,28.858,8.8909
37.857,28.431,8.8798
37.41,27.989,8.867
36.933,27.579,8.8494
36.375,27.306,8.8234
35.757,27.347,8.7901
35.217,27.656,8.7609
34.751,28.073,8.738
34.306,28.522,8.7189
33.833,28.938,8.7013
33.283,29.231,8.682
32.668,29.218,8.6572
32.117,28.92,8.6289
31.647,28.508,8.5989
31.202,28.063,8.5662
30.734,27.644,8.5303
30.191,27.333,8.491
29.579,27.311,8.4568
29.02,27.596,8.4381
28.544,28.005,8.4319
28.099,28.449,8.4316
27.634,28.871,8.432
27.096,29.197,8.4268
26.485,29.25,8.4045
25.921,28.984,8.364
25.442,28.579,8.3157
24.997,28.136,8.2635
24.538,27.713,8.2093
24.01,27.376,8.1554
23.401,27.287,8.1149
22.83,27.529,8.1047
22.343,27.93,8.115
21.896,28.375,8.1343
21.439,28.804,8.1541
20.919,29.15,8.1659
20.309,29.266,8.1524
19.731,29.048,8.1046
19.242,28.657,8.0395
18.797,28.213,7.9675
18.345,27.781,7.8939
17.839,27.427,7.8242
17.236,27.283,7.773
16.645,27.467,7.7648
16.148,27.848,7.7896
15.697,28.285,7.8273
15.246,28.721,7.8677
14.744,29.097,7.9003
14.15,29.266,7.9014
13.55,29.107,7.8536
13.049,28.739,7.7758
12.6,28.308,7.6875
12.155,27.874,7.596
11.665,27.488,7.5071
11.086,27.282,7.4409
10.477,27.408,7.4285
9.9614,27.762,7.4626
9.5067,28.193,7.5158
9.0606,28.631,7.5731
8.5746,29.027,7.6227
59.556,31.282,9.397
59.097,30.856,9.4576
58.574,30.517,9.499
57.963,30.436,9.4928
57.388,30.672,9.4366
56.905,31.065,9.3606
56.462,31.503,9.2816
56.008,31.931,9.2068
55.493,32.285,9.1443
54.892,32.412,9.115
54.305,32.197,9.1337
53.813,31.812,9.1755
53.365,31.374,9.2226
52.913,30.94,9.2662
52.402,30.574,9.2967
51.805,30.417,9.2965
51.214,30.602,9.2558
50.716,30.981,9.1976
50.266,31.415,9.1374
49.817,31.851,9.0799
49.317,32.228,9.0303
48.725,32.41,9.0009
48.127,32.261,9.0036
47.618,31.89,9.0268
47.164,31.457,9.0541
46.715,31.018,9.0793
46.223,30.631,9.0962
45.634,30.428,9.0933
45.031,30.549,9.0649
44.515,30.907,9.0243
44.061,31.338,8.9832
43.613,31.777,8.9446
43.128,32.172,8.9107
42.548,32.402,8.8866
41.938,32.304,8.8798
41.412,31.964,8.8848
40.952,31.536,8.8926
40.509,31.091,8.8989
40.027,30.688,8.8997
39.459,30.434,8.8903
38.844,30.509,8.8684
38.313,30.836,8.8439
37.848,31.26,8.8221
37.405,31.704,8.8032
36.928,32.114,8.7871
36.37,32.387,8.7737
35.753,32.342,8.7632
35.215,32.028,8.7542
34.749,31.611,8.7443
34.302,31.164,8.732
33.828,30.749,8.7163
33.277,30.458,8.6969
32.662,30.47,8.6781
32.114,30.773,8.6671
31.645,31.187,8.6631
31.199,31.633,8.6631
30.729,32.05,8.6643
30.183,32.357,8.6632
29.571,32.378,8.6524
29.013,32.09,8.6298
28.541,31.679,8.6012
28.097,31.234,8.5688
27.632,30.815,8.5343
27.092,30.495,8.4999
26.48,30.441,8.4769
25.917,30.709,8.4759
25.438,31.117,8.4889
24.994,31.563,8.5084
24.533,31.987,8.5285
24.001,32.318,8.5429
23.388,32.398,8.5377
22.819,32.155,8.5062
22.335,31.753,8.4603
21.886,31.311,8.4087
21.431,30.883,8.3553
20.916,30.536,8.3052
20.305,30.43,8.2744
19.726,30.646,8.2789
19.235,31.04,8.3076
18.787,31.478,8.3454
18.333,31.911,8.3852
17.823,32.272,8.4178
17.218,32.405,8.4227
16.629,32.213,8.3868
16.135,31.831,8.3258
15.688,31.395,8.2561
15.238,30.963,8.1839
14.738,30.59,8.1162
14.145,30.423,8.0735
13.544,30.587,8.08
13.042,30.957,8.1229
12.591,31.392,8.1798
12.143,31.827,8.2395
11.648,32.213,8.2926
11.064,32.411,8.3145
10.458,32.273,8.2787
9.9483,31.917,8.2044
9.4975,31.488,8.1152
9.0545,31.053,8.0217
8.5716,30.661,7.9314
59.557,34.69,8.803
59.1,35.116,8.7293
58.578,35.455,8.673
57.968,35.537,8.6615
57.39,35.304,8.701
56.907,34.909,8.7634
56.462,34.471,8.83
56.008,34.042,8.8922
55.493,33.686,8.9406
54.891,33.565,8.9525
54.304,33.777,8.9176
53.813,34.162,8.8622
53.366,34.599,8.8027
52.914,35.031,8.7467
52.406,35.4,8.7015
51.81,35.557,8.6845
51.219,35.371,8.7079
50.718,34.995,8.751
50.268,34.56,8.7978
49.818,34.124,8.8418
49.316,33.746,8.8767
48.726,33.559,8.8895
48.13,33.713,8.8692
47.62,34.081,8.8316
47.167,34.514,8.7916
46.719,34.953,8.754
46.226,35.339,8.7234
45.639,35.549,8.7092
45.037,35.429,8.7199
44.521,35.07,8.7455
44.065,34.64,8.7729
43.617,34.2,8.7982
43.131,33.805,8.8178
42.55,33.574,8.8248
41.942,33.665,8.8142
41.42,34.01,8.7939
40.96,34.438,8.7731
40.514,34.879,8.7547
40.032,35.282,8.7405
39.463,35.532,8.7341
38.847,35.47,8.7379
38.318,35.139,8.7469
37.855,34.713,8.7555
37.409,34.272,8.7616
36.932,33.861,8.7645
36.373,33.591,8.7627
35.754,33.629,8.7568
35.215,33.944,8.7515
34.75,34.367,8.749
34.304,34.809,8.7491
33.831,35.224,8.7518
33.281,35.514,8.7558
32.664,35.5,8.7577
32.113,35.203,8.7539
31.643,34.791,8.7453
31.199,34.344,8.7333
30.731,33.924,8.7191
30.187,33.615,8.7048
29.574,33.599,8.6982
29.015,33.882,8.7042
28.539,34.29,8.7186
28.095,34.734,8.7375
27.632,35.157,8.7581
27.093,35.482,8.7767
26.483,35.531,8.7816
25.918,35.265,8.767
25.438,34.86,8.7408
24.992,34.417,8.7093
24.533,33.992,8.6764
24.003,33.656,8.6465
23.394,33.572,8.6339
22.824,33.818,8.6493
22.338,34.218,8.6808
21.891,34.662,8.7192
21.434,35.089,8.7588
20.916,35.434,8.7933
20.306,35.55,8.8071
19.729,35.329,8.7854
19.239,34.937,8.7428
18.795,34.496,8.692
18.342,34.064,8.6393
17.831,33.707,8.5925
17.226,33.565,8.569
16.637,33.755,8.5877
16.142,34.137,8.6345
15.693,34.572,8.6914
15.243,35.007,8.751
14.742,35.381,8.805
14.148,35.548,8.832
13.548,35.389,8.811
13.046,35.02,8.7556
12.596,34.587,8.6874
12.149,34.152,8.6162
11.656,33.766,8.5496
11.074,33.565,8.5105
10.466,33.696,8.5265
9.9541,34.051,8.5839
9.5017,34.481,8.6573
9.0574,34.918,8.7345
8.5732,35.311,8.8062
59.558,37.567,8.3021
59.101,37.142,8.383
58.58,36.803,8.4476
57.969,36.718,8.4694
57.392,36.952,8.4396
56.908,37.347,8.3851
56.462,37.786,8.3259
56.007,38.215,8.271
55.492,38.571,8.2311
54.889,38.689,8.2299
54.302,38.479,8.2744
53.812,38.094,8.3381
53.365,37.657,8.4051
52.914,37.226,8.4685
52.406,36.857,8.5221
51.811,36.702,8.5484
51.217,36.886,8.5345
50.716,37.262,8.4993
50.266,37.699,8.4593
49.816,38.134,8.4221
49.314,38.513,8.3949
48.724,38.699,8.3914
48.128,38.541,8.4218
47.618,38.174,8.4676
47.166,37.741,8.5151
46.718,37.303,8.5602
46.225,36.917,8.5988
45.639,36.703,8.6229
45.038,36.83,8.6214
44.52,37.187,8.6042
44.064,37.617,8.5839
43.616,38.058,8.5656
43.129,38.452,8.5537
42.549,38.686,8.5557
41.942,38.591,8.5765
41.42,38.247,8.6057
40.96,37.819,8.6343
40.514,37.378,8.6602
40.032,36.976,8.6823
39.463,36.724,8.6979
38.848,36.786,8.7038
38.32,37.117,8.7029
37.856,37.542,8.7014
37.41,37.984,8.7018
36.932,38.394,8.706
36.373,38.662,8.7163
35.754,38.63,8.7317
35.217,38.313,8.7452
34.751,37.891,8.7548
34.305,37.449,8.7613
33.832,37.034,8.7657
33.281,36.745,8.7698
32.663,36.754,8.7772
32.114,37.054,8.7896
31.648,37.47,8.8056
31.2,37.913,8.8249
30.732,38.333,8.847
30.188,38.641,8.8703
29.574,38.656,8.8867
29.013,38.376,8.8897
28.537,37.969,8.8828
28.094,37.523,8.8708
27.631,37.099,8.8574
27.093,36.773,8.8477
26.482,36.728,8.8529
25.917,36.993,8.8768
25.436,37.395,8.9109
24.991,37.839,8.9499
24.533,38.264,8.9907
24.005,38.602,9.0295
23.395,38.684,9.0519
22.825,38.439,9.0457
22.338,38.04,9.0218
21.89,37.596,8.9902
21.433,37.168,8.9576
20.915,36.822,8.9311
20.306,36.706,8.9269
19.729,36.928,8.9578
19.239,37.32,9.0081
18.795,37.76,9.0659
18.342,38.191,9.1258
17.832,38.549,9.181
17.227,38.693,9.2146
16.639,38.503,9.2053
16.143,38.121,9.1665
15.693,37.685,9.1169
15.243,37.25,9.0648
14.741,36.876,9.0195
14.147,36.708,9.0033
13.547,36.868,9.0355
13.046,37.236,9.1001
12.596,37.669,9.1764
12.15,38.104,9.2556
11.658,38.489,9.3308
11.077,38.691,9.3794
10.469,38.562,9.3727
9.9557,38.207,9.3219
9.5028,37.777,9.2535
9.0581,37.34,9.1805
8.5735,36.946,9.1129
59.555,40.975,7.7056
59.096,41.402,7.6517
58.572,41.741,7.6186
57.96,41.82,7.635
57.385,41.584,7.7009
56.904,41.19,7.7852
56.461,40.753,7.872
56.008,40.326,7.9548
55.495,39.97,8.0264
54.893,39.849,8.0652
54.304,40.059,8.0568
53.812,40.446,8.0227
53.363,40.885,7.9825
52.91,41.318,7.9461
52.4,41.686,7.9233
51.803,41.84,7.9332
51.213,41.652,7.9839
50.714,41.275,8.0499
50.265,40.84,8.1175
49.816,40.406,8.1823
49.315,40.028,8.2401
48.726,39.841,8.2796
48.129,39.997,8.2856
47.618,40.366,8.2705
47.165,40.8,8.2501
46.715,41.239,8.2318
46.221,41.625,8.2228
45.633,41.834,8.2348
45.032,41.709,8.273
44.517,41.35,8.3223
44.062,40.921,8.3709
43.615,40.481,8.4171
43.129,40.087,8.4592
42.548,39.858,8.4927
41.939,39.95,8.5096
41.417,40.295,8.5124
40.957,40.724,8.5115
40.51,41.166,8.5124
40.028,41.569,8.5191
39.459,41.819,8.5377
38.842,41.749,8.5694
38.311,41.423,8.6025
37.847,40.998,8.6321
37.405,40.552,8.6583
36.928,40.142,8.6823
36.37,39.87,8.7047
35.753,39.915,8.7249
35.215,40.228,8.7423
34.749,40.645,8.7597
34.302,41.093,8.7792
33.827,41.508,8.8025
33.276,41.798,8.8309
32.662,41.787,8.8597
32.113,41.483,8.8795
31.645,41.068,8.8907
31.199,40.622,8.8976
30.728,40.206,8.9036
30.181,39.9,8.9133
29.569,39.878,8.934
29.012,40.168,8.9659
28.54,40.579,9.0024
28.096,41.023,9.0423
27.631,41.442,9.0846
27.091,41.762,9.1278
26.48,41.816,9.1608
25.917,41.547,9.1709
25.438,41.14,9.1655
24.993,40.693,9.1531
24.531,40.27,9.1402
23.998,39.938,9.1343
23.386,39.857,9.1492
22.818,40.103,9.1904
22.334,40.505,9.2443
21.89,40.95,9.3035
21.435,41.377,9.3642
20.916,41.719,9.4222
20.305,41.829,9.463
19.727,41.611,9.4673
19.236,41.217,9.4459
18.787,40.778,9.4149
18.332,40.345,9.3819
17.822,39.984,9.3571
17.215,39.851,9.3618
16.628,40.044,9.4075
16.135,40.426,9.4769
15.688,40.861,9.5544
15.239,41.293,9.6345
14.739,41.666,9.7111
14.147,41.833,9.7645
13.545,41.671,9.7693
13.042,41.3,9.7354
12.591,40.865,9.6863
12.142,40.429,9.6342
11.646,40.043,9.5892
11.061,39.845,9.5767
10.456,39.984,9.6216
9.9471,40.341,9.703
9.4967,40.769,9.7976
9.0541,41.204,9.8957
8.5714,41.595,9.9903
59.559,43.852,7.2006
59.105,43.428,7.3022
58.586,43.089,7.3906
57.977,43,7.4404
57.397,43.231,7.4366
56.911,43.627,7.4032
56.464,44.068,7.3633
56.007,44.498,7.3282
55.49,44.855,7.3111
54.887,44.973,7.3368
54.302,44.762,7.4075
53.813,44.378,7.4932
53.368,43.943,7.5803
52.918,43.512,7.6643
52.412,43.144,7.7409
51.818,42.983,7.7948
51.224,43.165,7.8076
50.72,43.542,7.7945
50.269,43.979,7.7743
49.817,44.416,7.7569
49.315,44.796,7.7519
48.724,44.982,7.7748
48.129,44.826,7.8318
47.621,44.459,7.9006
47.169,44.027,7.9686
46.722,43.59,8.0342
46.231,43.204,8.0953
45.646,42.988,8.146
45.043,43.108,8.1718
44.525,43.466,8.1774
44.068,43.897,8.1772
43.62,44.338,8.1785
43.133,44.734,8.188
42.552,44.965,8.2161
41.944,44.876,8.2639
41.422,44.532,8.3166
40.963,44.105,8.3662
40.517,43.664,8.4128
40.037,43.261,8.4571
39.469,43.009,8.4987
38.852,43.068,8.5322
38.321,43.397,8.5546
37.859,43.824,8.5732
37.412,44.265,8.5933
36.935,44.676,8.6186
36.377,44.949,8.6538
35.759,44.912,8.6971
35.219,44.598,8.7351
34.753,44.177,8.7657
34.307,43.734,8.7921
33.834,43.319,8.8174
33.284,43.026,8.8458
32.669,43.038,8.8806
32.117,43.334,8.9179
31.646,43.745,8.9556
31.203,44.192,8.9952
30.736,44.612,9.0386
30.193,44.923,9.0865
29.581,44.942,9.1306
29.02,44.661,9.1585
28.544,44.254,9.1727
28.098,43.809,9.1802
27.635,43.385,9.1872
27.096,43.058,9.2011
26.485,43.009,9.2335
25.921,43.273,9.283
25.441,43.676,9.3391
24.996,44.119,9.3984
24.538,44.543,9.4599
24.012,44.881,9.5225
23.404,44.969,9.5727
22.832,44.727,9.5923
22.344,44.328,9.59
21.896,43.882,9.5781
21.437,43.454,9.5656
20.918,43.107,9.5619
20.308,42.989,9.5848
19.732,43.209,9.6417
19.243,43.599,9.7143
18.8,44.038,9.7924
18.349,44.47,9.8728
17.841,44.828,9.951
17.238,44.976,10.012
16.648,44.792,10.03
16.149,44.41,10.014
15.698,43.973,9.9836
15.247,43.536,9.951
14.744,43.16,9.9274
14.149,42.992,9.9373
13.549,43.15,9.9959
13.049,43.517,10.083
12.601,43.948,10.179
12.156,44.381,10.278
11.668,44.767,10.376
11.089,44.973,10.451
10.48,44.851,10.473
9.9634,44.497,10.446
9.508,44.065,10.398
9.0614,43.626,10.345
8.575,43.23,10.299
59.553,47.261,6.6033
59.092,47.689,6.5701
58.564,48.027,6.5611
57.953,48.103,6.6055
57.381,47.864,6.697
56.902,47.471,6.8026
56.46,47.035,6.9087
56.008,46.609,7.0114
55.496,46.254,7.1057
54.895,46.134,7.1711
54.305,46.342,7.1894
53.812,46.729,7.1773
53.361,47.17,7.1572
52.906,47.604,7.1412
52.394,47.974,7.1415
51.796,48.117,7.1796
51.206,47.931,7.2564
50.709,47.555,7.3445
50.262,47.12,7.432
49.813,46.687,7.5167
49.314,46.309,7.597
48.725,46.126,7.6625
48.127,46.283,7.6954
47.615,46.651,7.7034
47.161,47.087,7.7033
46.71,47.527,7.7054
46.214,47.913,7.7189
45.626,48.121,7.7573
45.027,47.986,7.823
44.512,47.63,7.8951
44.058,47.2,7.9639
43.611,46.761,8.0299
43.125,46.368,8.0936
42.546,46.134,8.1533
41.939,46.234,8.1969
41.416,46.58,8.2231
40.955,47.009,8.243
40.508,47.452,8.2641
40.023,47.853,8.2928
39.453,48.104,8.3372
38.84,48.034,8.3962
38.314,47.701,8.4528
37.851,47.275,8.5032
37.405,46.833,8.5494
36.926,46.425,8.595
36.365,46.16,8.6427
35.747,46.196,8.691
35.211,46.515,8.7327
34.745,46.938,8.7711
34.299,47.38,8.8108
33.825,47.795,8.8556
33.273,48.08,8.9088
32.656,48.067,8.9656
32.108,47.764,9.01
31.641,47.347,9.0423
31.193,46.903,9.0696
30.723,46.483,9.0966
30.175,46.178,9.131
29.562,46.171,9.1798
29.004,46.455,9.2365
28.53,46.863,9.2942
28.087,47.308,9.3538
27.624,47.729,9.4167
27.087,48.052,9.484
26.477,48.096,9.5437
25.913,47.827,9.5791
25.432,47.42,9.5954
24.985,46.974,9.6033
24.522,46.55,9.6112
23.988,46.217,9.629
23.377,46.141,9.6718
22.811,46.392,9.7387
22.329,46.793,9.8141
21.885,47.237,9.8931
21.43,47.662,9.974
20.912,48.003,10.055
20.302,48.114,10.123
19.723,47.893,10.153
19.232,47.497,10.154
18.782,47.057,10.143
18.326,46.622,10.131
17.813,46.263,10.129
17.205,46.136,10.162
16.62,46.332,10.234
16.129,46.715,10.326
15.683,47.149,10.423
15.235,47.58,10.523
14.737,47.951,10.621
14.145,48.117,10.701
13.544,47.953,10.732
13.039,47.581,10.721
12.586,47.143,10.692
12.135,46.706,10.659
11.636,46.32,10.637
11.048,46.127,10.651
10.447,46.273,10.725
9.9405,46.63,10.829
9.492,47.057,10.944
9.0508,47.49,11.062
8.5696,47.88,11.177
59.561,50.136,6.0983
59.108,49.714,6.22
58.592,49.375,6.3314
57.984,49.283,6.409
57.402,49.511,6.4317
56.914,49.908,6.4201
56.464,50.35,6.4001
56.006,50.782,6.3855
55.487,51.14,6.3916
54.884,51.255,6.4446
54.3,51.045,6.5414
53.813,50.662,6.6487
53.369,50.227,6.7554
52.92,49.797,6.8593
52.416,49.429,6.9584
51.824,49.268,7.0388
51.228,49.446,7.0789
50.723,49.823,7.0887
50.27,50.261,7.0888
49.817,50.7,7.0918
49.313,51.08,7.1095
48.722,51.265,7.1591
48.128,51.108,7.2427
47.621,50.743,7.3341
47.17,50.311,7.4223
46.723,49.874,7.5077
46.233,49.488,7.5907
45.65,49.272,7.6675
45.047,49.39,7.7206
44.527,49.747,7.7497
44.069,50.179,7.7701
43.62,50.621,7.7916
43.132,51.017,7.8232
42.551,51.248,7.8774
41.944,51.159,7.9523
41.423,50.816,8.0283
40.965,50.389,8.0984
40.519,49.949,8.1648
40.039,49.545,8.2306
39.471,49.292,8.2975
38.855,49.351,8.3586
38.324,49.678,8.4051
37.86,50.105,8.4447
37.413,50.548,8.485
36.936,50.959,8.5318
36.379,51.233,8.592
35.761,51.195,8.6629
35.221,50.887,8.7251
34.754,50.47,8.7766
34.309,50.021,8.823
33.836,49.604,8.8696
33.287,49.31,8.9226
32.672,49.32,8.985
32.121,49.616,9.047
31.65,50.027,9.1057
31.206,50.473,9.1654
30.738,50.892,9.2297
30.197,51.204,9.3018
29.587,51.23,9.3734
29.026,50.948,9.4265
28.55,50.539,9.4619
28.103,50.094,9.4896
27.637,49.67,9.5177
27.098,49.345,9.5559
26.488,49.289,9.6152
25.925,49.553,9.69
25.447,49.957,9.7674
25.003,50.399,9.8466
24.544,50.823,9.9288
24.018,51.16,10.015
23.411,51.254,10.093
22.838,51.016,10.138
22.349,50.615,10.158
21.901,50.168,10.166
21.442,49.738,10.174
20.921,49.391,10.194
20.31,49.274,10.244
19.734,49.49,10.327
19.246,49.88,10.421
18.801,50.321,10.519
18.352,50.753,10.62
17.848,51.108,10.72
17.249,51.258,10.808
16.656,51.079,10.853
16.155,50.698,10.859
15.702,50.259,10.85
15.249,49.821,10.838
14.745,49.444,10.836
14.15,49.274,10.873
13.551,49.432,10.959
13.052,49.797,11.068
12.605,50.227,11.184
12.162,50.659,11.304
11.676,51.045,11.423
11.102,51.256,11.525
10.491,51.139,11.575
9.9712,50.787,11.571
9.5132,50.354,11.543
9.0647,49.912,11.51
8.5762,49.514,11.485
59.551,53.546,5.5015
59.087,53.976,5.4891
58.557,54.313,5.5041
57.946,54.385,5.5764
57.377,54.144,5.6937
56.9,53.752,5.8202
56.459,53.317,5.9459
56.008,52.892,6.0685
55.497,52.539,6.1854
54.899,52.411,6.2786
54.309,52.624,6.3225
53.813,53.012,6.3328
53.361,53.453,6.333
52.904,53.89,6.3373
52.389,54.256,6.3615
51.789,54.404,6.4262
51.203,54.215,6.5292
50.709,53.836,6.6396
50.262,53.404,6.747
49.814,52.97,6.8517
49.317,52.594,6.954
48.726,52.416,7.0457
48.127,52.563,7.1065
47.615,52.935,7.1371
47.159,53.372,7.1575
46.707,53.813,7.18
46.211,54.2,7.2156
45.621,54.398,7.2815
45.021,54.268,7.374
44.505,53.915,7.469
44.051,53.485,7.5581
43.608,53.042,7.644
43.123,52.648,7.7294
42.546,52.416,7.8149
41.938,52.52,7.8857
41.413,52.864,7.9356
40.952,53.294,7.9763
40.504,53.738,8.0173
40.019,54.139,8.0679
39.449,54.389,8.1378
38.837,54.315,8.2243
38.311,53.981,8.3047
37.849,53.554,8.3756
37.405,53.11,8.4418
36.923,52.706,8.5093
36.361,52.44,8.5822
35.745,52.479,8.658
35.211,52.798,8.7235
34.748,53.22,8.7825
34.301,53.669,8.8423
33.823,54.079,8.9088
33.27,54.362,8.987
32.655,54.352,9.0713
32.109,54.047,9.14
31.642,53.629,9.1933
31.197,53.18,9.24
30.723,52.764,9.2887
30.172,52.465,9.3482
29.558,52.448,9.4242
29.004,52.739,9.5059
28.534,53.152,9.5846
28.093,53.598,9.664
27.628,54.017,9.7478
27.088,54.331,9.839
26.476,54.379,9.9266
25.912,54.111,9.9875
25.432,53.702,10.025
24.982,53.257,10.054
24.519,52.83,10.082
23.986,52.496,10.124
23.371,52.43,10.195
22.806,52.678,10.287
22.325,53.079,10.384
21.879,53.519,10.483
21.425,53.945,10.584
20.911,54.289,10.688
20.302,54.393,10.783
19.723,54.175,10.839
19.229,53.778,10.862
18.778,53.336,10.871
18.319,52.901,10.879
17.804,52.541,10.901
17.196,52.418,10.961
16.614,52.62,11.06
16.124,53.002,11.174
15.68,53.436,11.291
15.232,53.865,11.411
14.735,54.235,11.532
14.146,54.401,11.638
13.544,54.236,11.697
13.038,53.863,11.709
12.583,53.423,11.7
12.13,52.984,11.688
11.627,52.599,11.689
11.038,52.41,11.731
10.439,52.56,11.831
9.9353,52.917,11.958
9.4882,53.344,12.092
9.0481,53.776,12.228
8.5681,54.164,12.364
59.562,56.421,4.9958
59.11,56,5.1374
58.597,55.66,5.2717
57.992,55.565,5.3766
57.408,55.791,5.426
56.916,56.188,5.4369
56.465,56.633,5.4369
56.005,57.066,5.4429
55.483,57.422,5.4731
54.88,57.544,5.5521
54.301,57.329,5.6749
53.815,56.946,5.8037
53.371,56.513,5.9302
52.925,56.083,6.0539
52.422,55.716,6.1752
51.83,55.554,6.2823
51.233,55.724,6.3504
50.728,56.103,6.3826
50.272,56.542,6.4034
49.818,56.982,6.4267
49.315,57.364,6.4667
48.722,57.541,6.5439
48.126,57.391,6.6539
47.618,57.031,6.7676
47.167,56.6,6.8758
46.724,56.16,6.9811
46.237,55.772,7.0858
45.656,55.554,7.1886
45.053,55.674,7.2686
44.53,56.027,7.3218
44.07,56.46,7.3628
43.621,56.904,7.4043
43.132,57.3,7.4578
42.553,57.536,7.5374
41.948,57.444,7.6393
41.427,57.102,7.7387
40.97,56.674,7.8292
40.526,56.231,7.9155
40.043,55.832,8.0033
39.477,55.577,8.0956
38.863,55.63,8.1843
38.331,55.957,8.2546
37.867,56.385,8.3148
37.423,56.833,8.3744
36.942,57.24,8.443
36.384,57.51,8.5283
35.767,57.484,8.6268
35.228,57.172,8.7132
34.761,56.751,8.786
34.314,56.308,8.8528
33.841,55.89,8.9208
33.293,55.597,8.9986
32.676,55.6,9.0887
32.126,55.895,9.1751
31.658,56.309,9.2543
31.211,56.752,9.3339
30.744,57.173,9.4188
30.204,57.485,9.5148
29.592,57.511,9.6138
29.03,57.236,9.6926
28.555,56.825,9.7495
28.106,56.381,9.798
27.64,55.955,9.847
27.102,55.627,9.9095
26.491,55.578,9.9967
25.926,55.835,10.096
25.449,56.238,10.195
25.003,56.678,10.293
24.547,57.103,10.396
24.026,57.443,10.504
23.419,57.532,10.609
22.843,57.301,10.682
22.352,56.902,10.724
21.899,56.456,10.754
21.439,56.024,10.782
20.922,55.671,10.825
20.312,55.561,10.903
19.735,55.774,11.011
19.247,56.161,11.126
18.803,56.596,11.243
18.353,57.025,11.363
17.853,57.39,11.486
17.257,57.543,11.6
16.663,57.365,11.673
16.159,56.986,11.703
15.704,56.545,11.714
15.249,56.106,11.723
14.744,55.726,11.745
14.15,55.551,11.808
13.554,55.715,11.921
13.056,56.077,12.052
12.609,56.506,12.188
12.168,56.937,12.326
11.684,57.322,12.465
11.113,57.541,12.593
10.503,57.427,12.67
9.9798,57.077,12.691
9.5186,56.642,12.684
9.0679,56.198,12.671
8.5772,55.798,12.668
59.549,59.832,4.3997
59.082,60.263,4.4083
58.55,60.6,4.4475
57.939,60.667,4.548
57.373,60.425,4.6906
56.897,60.033,4.8383
56.457,59.599,4.9835
56.007,59.175,5.1261
55.498,58.822,5.2656
54.901,58.694,5.3853
54.31,58.906,5.456
53.812,59.295,5.4887
53.358,59.739,5.5091
52.9,60.177,5.534
52.382,60.542,5.5819
51.782,60.687,5.6738
51.199,60.495,5.8031
50.706,60.117,5.9354
50.259,59.684,6.0628
49.812,59.251,6.1875
49.315,58.877,6.3119
48.725,58.699,6.4298
48.126,58.847,6.5174
47.613,59.219,6.5711
47.157,59.658,6.612
46.702,60.1,6.655
46.205,60.487,6.7131
45.614,60.683,6.8057
45.016,60.549,6.9251
44.503,60.194,7.0429
44.049,59.764,7.1522
43.605,59.322,7.258
43.119,58.93,7.3652
42.543,58.699,7.4763
41.935,58.806,7.574
41.41,59.15,7.6476
40.948,59.581,7.7092
40.499,60.026,7.7705
40.012,60.427,7.8433
39.442,60.675,7.9391
38.832,60.594,8.0527
38.306,60.261,8.1564
37.844,59.834,8.2479
37.399,59.391,8.334
36.917,58.985,8.4229
36.356,58.72,8.5209
35.74,58.764,8.6242
35.207,59.085,8.7135
34.743,59.508,8.7936
34.296,59.956,8.8738
33.817,60.367,8.9622
33.263,60.646,9.0657
32.649,60.634,9.1772
32.104,60.327,9.2698
31.636,59.909,9.3438
31.186,59.463,9.4111
30.714,59.043,9.4804
30.163,58.744,9.5645
29.549,58.736,9.6681
28.997,59.027,9.7744
28.527,59.44,9.8742
28.081,59.882,9.9742
27.618,60.302,10.079
27.081,60.62,10.195
26.47,60.657,10.309
25.905,60.39,10.395
25.425,59.978,10.453
24.974,59.532,10.502
24.509,59.105,10.551
23.974,58.773,10.617
23.361,58.717,10.716
22.797,58.968,10.834
22.317,59.369,10.952
21.872,59.81,11.072
21.417,60.233,11.194
20.904,60.577,11.321
20.298,60.679,11.443
19.719,60.454,11.524
19.224,60.057,11.568
18.772,59.613,11.597
18.311,59.177,11.625
17.792,58.819,11.671
17.185,58.696,11.758
16.606,58.909,11.884
16.118,59.29,12.019
15.675,59.723,12.157
15.228,60.152,12.297
14.732,60.52,12.441
14.145,60.689,12.574
13.544,60.518,12.658
13.036,60.144,12.691
12.579,59.703,12.703
12.123,59.261,12.711
11.616,58.877,12.734
11.026,58.691,12.803
10.43,58.848,12.93
9.9292,59.206,13.078
9.4834,59.632,13.232
9.0444,60.062,13.388
8.5657,60.448,13.547
60.383,60.452,4.1388
59.981,59.985,4.2954
59.548,59.548,4.4496
59.128,59.095,4.6013
58.795,58.577,4.7467
58.706,57.967,4.8651
58.942,57.39,4.925
59.347,56.899,4.9455
59.792,56.447,4.9559
60.227,55.983,4.9726
60.577,55.459,5.0158
60.674,54.849,5.1134
60.455,54.275,5.2488
60.079,53.791,5.3874
59.639,53.348,5.5245
59.204,52.901,5.659
58.842,52.397,5.791
58.696,51.802,5.91
58.883,51.205,5.9893
59.26,50.703,6.0327
59.703,50.248,6.0633
60.148,49.79,6.0969
60.524,49.28,6.1502
60.69,48.686,6.242
60.514,48.095,6.367
60.146,47.595,6.4913
59.713,47.146,6.6095
59.276,46.698,6.7251
58.894,46.202,6.8417
58.693,45.619,6.9562
58.83,45.018,7.0483
59.195,44.501,7.1115
59.633,44.043,7.1624
60.076,43.591,7.2147
60.466,43.095,7.2812
60.681,42.51,7.3762
60.568,41.91,7.4918
60.214,41.392,7.6026
59.781,40.937,7.7027
59.338,40.492,7.7989
58.947,40.005,7.8974
58.711,39.428,8.0034
58.79,38.82,8.104
59.131,38.291,8.1855
59.561,37.829,8.2563
60.004,37.38,8.3274
60.41,36.898,8.4077
60.664,36.33,8.508
60.606,35.717,8.62
60.279,35.185,8.7165
59.852,34.72,8.7986
59.409,34.273,8.8749
58.997,33.794,8.9539
58.721,33.237,9.0452
58.762,32.619,9.1498
59.073,32.08,9.2474
59.495,31.612,9.3378
59.938,31.166,9.4281
60.352,30.693,9.5255
60.645,30.146,9.6352
60.639,29.532,9.7471
60.34,28.982,9.8346
59.922,28.508,9.9003
59.476,28.059,9.9574
59.056,27.587,10.017
58.751,27.039,10.094
58.728,26.426,10.197
59.016,25.872,10.31
59.426,25.4,10.419
59.866,24.956,10.529
60.287,24.495,10.643
60.608,23.961,10.766
60.665,23.352,10.883
60.403,22.782,10.963
59.994,22.3,11.012
59.548,21.849,11.05
59.118,21.384,11.089
58.781,20.849,11.147
58.716,20.236,11.243
58.957,19.669,11.366
59.349,19.185,11.493
59.789,18.745,11.621
60.217,18.295,11.753
60.567,17.784,11.89
60.679,17.181,12.015
60.467,16.597,12.093
60.076,16.095,12.13
59.631,15.644,12.147
59.191,15.185,12.165
58.827,14.669,12.202
58.698,14.061,12.286
58.898,13.481,12.416
59.273,12.989,12.56
59.705,12.547,12.707
60.136,12.105,12.857
60.506,11.614,13.009
60.684,11.028,13.147
60.532,10.425,13.23
60.169,9.911,13.255
59.723,9.4501,13.253
55.865,60.44,4.962
56.28,59.962,4.9593
56.726,59.512,4.9498
57.153,59.044,4.9492
57.475,58.505,4.9805
57.514,57.888,5.0732
57.257,57.331,5.2037
56.861,56.855,5.341
56.423,56.418,5.4761
55.999,55.966,5.6087
55.658,55.452,5.7355
55.562,54.844,5.8388
55.794,54.263,5.8922
56.191,53.771,5.9122
56.636,53.321,5.9221
57.07,52.86,5.9381
57.423,52.337,5.977
57.543,51.733,6.0593
57.325,51.154,6.1776
56.942,50.67,6.2977
56.503,50.227,6.4147
56.071,49.776,6.5295
55.709,49.268,6.6429
55.555,48.673,6.746
55.732,48.076,6.8171
56.113,47.575,6.8571
56.552,47.12,6.8876
56.992,46.665,6.9211
57.371,46.159,6.9703
57.54,45.565,7.0526
57.384,44.97,7.1594
57.015,44.466,7.2649
56.581,44.015,7.3638
56.144,43.566,7.4598
55.759,43.074,7.5563
55.557,42.489,7.6542
55.684,41.885,7.7366
56.045,41.367,7.7968
56.481,40.909,7.8472
56.923,40.457,7.8992
57.316,39.969,7.9615
57.539,39.387,8.047
57.43,38.782,8.1472
57.083,38.262,8.2385
56.653,37.804,8.3191
56.212,37.356,8.3956
55.811,36.873,8.4739
55.564,36.302,8.5605
55.647,35.689,8.6494
55.98,35.16,8.7261
56.409,34.698,8.7954
56.851,34.251,8.8653
57.258,33.77,8.943
57.524,33.211,9.0345
57.469,32.596,9.1317
57.15,32.06,9.2108
56.725,31.593,9.2741
56.281,31.145,9.3314
55.868,30.667,9.3914
55.584,30.113,9.4643
55.611,29.498,9.5557
55.919,28.955,9.6487
56.337,28.487,9.7376
56.779,28.043,9.8269
57.194,27.573,9.9216
57.496,27.03,10.025
57.507,26.419,10.124
57.215,25.862,10.194
56.801,25.387,10.242
56.355,24.938,10.28
55.932,24.469,10.321
55.616,23.923,10.378
55.58,23.312,10.465
55.857,22.755,10.57
56.262,22.281,10.677
56.702,21.838,10.785
57.124,21.38,10.896
57.454,20.851,11.013
57.533,20.244,11.118
57.283,19.673,11.182
56.879,19.185,11.214
56.434,18.735,11.234
56.001,18.272,11.253
55.657,17.744,11.29
55.563,17.131,11.369
55.793,16.562,11.482
56.186,16.079,11.606
56.62,15.636,11.733
57.048,15.187,11.862
57.404,14.683,11.993
57.54,14.081,12.11
57.349,13.492,12.177
56.962,12.992,12.198
56.52,12.538,12.199
56.081,12.081,12.199
55.709,11.571,12.215
55.557,10.97,12.278
55.732,10.379,12.395
56.102,9.8862,12.532
56.532,9.4423,12.674
54.098,60.45,5.2812
53.695,59.982,5.4171
53.261,59.544,5.5519
52.84,59.09,5.6835
52.508,58.569,5.8057
52.424,57.956,5.8962
52.665,57.382,5.9292
53.069,56.894,5.9276
53.512,56.444,5.9178
53.945,55.982,5.9139
54.294,55.46,5.9336
54.39,54.849,6.0041
54.171,54.273,6.114
53.793,53.789,6.231
53.352,53.345,6.3483
52.917,52.896,6.4628
52.555,52.391,6.5724
52.413,51.794,6.6645
52.604,51.198,6.7165
52.982,50.699,6.737
53.424,50.245,6.7472
53.866,49.789,6.7604
54.24,49.279,6.791
54.407,48.685,6.8563
54.23,48.093,6.955
53.86,47.593,7.0569
53.426,47.144,7.1549
52.989,46.695,7.2505
52.609,46.197,7.3449
52.411,45.613,7.4335
52.549,45.011,7.4985
52.916,44.496,7.5383
53.354,44.041,7.5684
53.797,43.591,7.6003
54.183,43.094,7.6447
54.395,42.508,7.7138
54.283,41.906,7.8028
53.928,41.388,7.8905
53.498,40.931,7.9707
53.057,40.483,8.0472
52.661,40.001,8.1236
52.426,39.423,8.2039
52.509,38.813,8.2774
52.851,38.286,8.3351
53.281,37.825,8.3849
53.724,37.377,8.4356
54.129,36.896,8.4939
54.385,36.328,8.5684
54.319,35.713,8.653
53.993,35.181,8.7262
53.566,34.718,8.7877
53.123,34.27,8.8442
52.713,33.792,8.9019
52.438,33.234,8.9683
52.48,32.617,9.0454
52.792,32.077,9.1188
53.214,31.61,9.1881
53.657,31.164,9.2579
54.07,30.691,9.3336
54.363,30.143,9.4182
54.355,29.528,9.5028
54.054,28.978,9.5661
53.637,28.506,9.6113
53.192,28.058,9.6489
52.773,27.587,9.6881
52.466,27.04,9.7402
52.445,26.427,9.8157
52.733,25.872,9.9039
53.143,25.4,9.9919
53.584,24.955,10.081
54.004,24.493,10.174
54.326,23.958,10.272
54.384,23.349,10.361
54.119,22.781,10.416
53.711,22.3,10.445
53.266,21.85,10.464
52.837,21.387,10.482
52.502,20.852,10.516
52.426,20.239,10.585
52.671,19.673,10.682
53.071,19.192,10.788
53.508,18.749,10.895
53.935,18.295,11.006
54.283,17.782,11.118
54.396,17.175,11.215
54.183,16.594,11.268
53.787,16.098,11.283
53.345,15.647,11.283
52.909,15.188,11.282
52.547,14.674,11.296
52.418,14.065,11.353
52.613,13.482,11.457
52.993,12.992,11.579
53.425,12.549,11.706
53.855,12.103,11.835
54.226,11.609,11.964
54.399,11.02,12.074
54.245,10.417,12.131
53.874,9.9086,12.133
53.435,9.453,12.114
49.581,60.441,6.1034
49.994,59.965,6.0794
50.437,59.517,6.0498
50.863,59.052,6.028
51.187,58.515,6.0345
51.235,57.897,6.0981
50.978,57.339,6.2038
50.576,56.865,6.3206
50.141,56.424,6.4363
49.717,55.969,6.5489
49.375,55.453,6.653
49.282,54.844,6.7289
49.51,54.263,6.7567
49.904,53.77,6.7551
50.348,53.323,6.7446
50.782,52.865,6.7393
51.138,52.346,6.7539
51.261,51.742,6.8087
51.045,51.16,6.9012
50.663,50.674,6.9998
50.225,50.229,7.0971
49.793,49.777,7.192
49.428,49.269,7.2828
49.268,48.675,7.3597
49.448,48.078,7.4037
49.827,47.578,7.4212
50.269,47.127,7.4307
50.71,46.675,7.4433
51.083,46.166,7.4705
51.256,45.572,7.5258
51.104,44.976,7.6059
50.735,44.47,7.6891
50.302,44.018,7.7678
49.864,43.57,7.8437
49.478,43.078,7.9183
49.276,42.492,7.9899
49.4,41.887,8.0456
49.759,41.369,8.0828
50.195,40.912,8.1127
50.636,40.461,8.1445
51.029,39.974,8.1851
51.257,39.393,8.2444
51.148,38.787,8.3175
50.803,38.265,8.3855
50.371,37.805,8.4457
49.928,37.356,8.5021
49.532,36.875,8.558
49.281,36.305,8.6189
49.362,35.693,8.6802
49.695,35.164,8.7333
50.122,34.701,8.7822
50.565,34.255,8.8322
50.971,33.774,8.8886
51.238,33.214,8.9554
51.191,32.598,9.0253
50.868,32.063,9.0799
50.445,31.596,9.1221
50.002,31.15,9.1589
49.589,30.673,9.197
49.307,30.117,9.2449
49.324,29.501,9.3086
49.633,28.958,9.3776
50.051,28.49,9.446
50.492,28.046,9.516
50.908,27.577,9.5902
51.207,27.031,9.6695
51.225,26.418,9.7418
50.933,25.862,9.7872
50.518,25.388,9.8126
50.074,24.94,9.8302
49.651,24.473,9.8486
49.336,23.929,9.8806
49.298,23.315,9.9403
49.572,22.755,10.021
49.979,22.282,10.108
50.418,21.838,10.197
50.841,21.38,10.289
51.173,20.852,10.382
51.244,20.24,10.46
50.998,19.669,10.499
50.593,19.184,10.508
50.151,18.734,10.507
49.719,18.273,10.505
49.374,17.749,10.517
49.283,17.135,10.569
49.51,16.563,10.657
49.903,16.079,10.76
50.338,15.636,10.868
50.766,15.184,10.979
51.123,14.679,11.088
51.255,14.076,11.178
51.062,13.488,11.217
50.676,12.989,11.213
50.236,12.537,11.193
49.799,12.082,11.171
49.427,11.575,11.162
49.272,10.975,11.198
49.448,10.382,11.289
49.811,9.8845,11.405
50.245,9.4383,11.532
47.814,60.449,6.4238
47.409,59.979,6.539
46.973,59.539,6.6544
46.552,59.084,6.7658
46.221,58.56,6.8646
46.144,57.945,6.9267
46.387,57.374,6.9333
46.791,56.888,6.9097
47.232,56.44,6.8799
47.663,55.98,6.8555
48.011,55.459,6.8519
48.107,54.848,6.895
47.885,54.271,6.9796
47.495,53.786,7.0765
47.059,53.342,7.1733
46.629,52.89,7.267
46.268,52.383,7.354
46.132,51.783,7.4187
46.326,51.189,7.4435
46.704,50.691,7.4415
47.145,50.24,7.4313
47.585,49.786,7.4241
47.96,49.277,7.4317
48.122,48.683,7.4708
47.944,48.088,7.5431
47.574,47.587,7.6227
47.14,47.138,7.7006
46.702,46.689,7.7761
46.321,46.191,7.8482
46.125,45.605,7.9104
46.272,45.004,7.9478
46.637,44.49,7.9644
47.073,44.035,7.9742
47.514,43.585,7.986
47.902,43.09,8.008
48.117,42.504,8.0507
47.998,41.903,8.1129
47.642,41.385,8.1774
47.209,40.93,8.2368
46.767,40.484,8.2931
46.376,39.997,8.348
46.142,39.417,8.4025
46.228,38.809,8.4484
46.572,38.283,8.4823
47,37.823,8.5114
47.443,37.375,8.542
47.847,36.893,8.5788
48.098,36.323,8.6281
48.037,35.708,8.6851
47.708,35.178,8.7342
47.281,34.715,8.7747
46.838,34.268,8.811
46.428,33.791,8.8472
46.157,33.231,8.8888
46.196,32.611,8.9382
46.511,32.073,8.9874
46.934,31.607,9.0356
47.376,31.161,9.0855
47.791,30.688,9.1399
48.081,30.139,9.2001
48.066,29.522,9.2571
47.767,28.972,9.2957
47.349,28.501,9.3192
46.905,28.054,9.3368
46.487,27.583,9.3547
46.179,27.038,9.3822
46.167,26.425,9.4306
46.454,25.867,9.4938
46.864,25.395,9.5606
47.306,24.951,9.63
47.725,24.488,9.7022
48.049,23.951,9.7766
48.099,23.341,9.8375
47.83,22.775,9.8669
47.424,22.295,9.874
46.98,21.847,9.8721
46.553,21.384,9.8701
46.218,20.85,9.8803
46.14,20.239,9.921
46.39,19.672,9.9933
46.789,19.19,10.077
47.227,18.746,10.166
47.655,18.292,10.256
48.001,17.775,10.346
48.116,17.167,10.417
47.896,16.588,10.442
47.501,16.095,10.434
47.061,15.645,10.413
46.626,15.189,10.391
46.265,14.676,10.382
46.134,14.067,10.411
46.329,13.483,10.488
46.711,12.992,10.588
47.144,12.546,10.695
47.575,12.1,10.804
47.945,11.604,10.911
48.115,11.011,10.995
47.957,10.41,11.023
47.586,9.9039,11.003
47.149,9.4508,10.963
43.297,60.443,7.2454
43.708,59.968,7.2
44.149,59.523,7.1504
44.574,59.06,7.1077
44.9,58.526,7.0894
44.954,57.908,7.1243
44.7,57.346,7.2047
44.298,56.87,7.3005
43.861,56.428,7.3968
43.436,55.972,7.4894
43.093,55.455,7.5708
43,54.845,7.6195
43.226,54.264,7.6215
43.617,53.772,7.598
44.059,53.326,7.5674
44.493,52.871,7.5413
44.852,52.356,7.532
44.977,51.752,7.5593
44.766,51.167,7.6255
44.385,50.678,7.7023
43.947,50.231,7.7799
43.513,49.779,7.8547
43.146,49.271,7.9231
42.983,48.677,7.9736
43.163,48.081,7.9907
43.541,47.581,7.9858
43.981,47.13,7.9752
44.419,46.678,7.9675
44.796,46.173,7.9714
44.978,45.58,7.9992
44.826,44.983,8.0525
44.456,44.476,8.1132
44.02,44.026,8.1718
43.58,43.579,8.2277
43.199,43.083,8.2804
42.994,42.496,8.326
43.113,41.893,8.3547
43.473,41.375,8.3684
43.906,40.917,8.3778
44.348,40.467,8.3892
44.741,39.981,8.4076
44.966,39.399,8.4409
44.87,38.791,8.4867
44.523,38.269,8.5314
44.094,37.811,8.571
43.653,37.363,8.6072
43.251,36.881,8.6419
43.004,36.31,8.6772
43.076,35.694,8.7112
43.409,35.166,8.7405
43.837,34.703,8.7684
44.279,34.257,8.7984
44.687,33.778,8.833
44.955,33.218,8.8745
44.904,32.6,8.9169
44.586,32.063,8.9477
44.162,31.597,8.969
43.72,31.15,8.9857
43.306,30.675,9.0023
43.02,30.121,9.025
43.044,29.505,9.0614
43.349,28.959,9.106
43.767,28.491,9.1536
44.209,28.046,9.2035
44.625,27.576,9.2567
44.929,27.032,9.3116
44.939,26.419,9.3557
44.648,25.862,9.3764
44.236,25.388,9.3808
43.792,24.942,9.3783
43.371,24.475,9.376
43.052,23.932,9.3831
43.012,23.321,9.415
43.287,22.76,9.4711
43.693,22.284,9.5362
44.133,21.84,9.6051
44.556,21.38,9.6763
44.888,20.849,9.7461
44.966,20.24,9.7971
44.715,19.671,9.81
44.312,19.185,9.7982
43.871,18.738,9.7766
43.441,18.279,9.7542
43.096,17.754,9.7433
42.993,17.142,9.7656
43.222,16.569,9.8285
43.616,16.083,9.9103
44.052,15.639,9.998
44.482,15.188,10.088
44.839,14.68,10.174
44.974,14.074,10.237
44.78,13.487,10.249
44.394,12.99,10.224
43.956,12.54,10.184
43.521,12.088,10.141
43.149,11.583,10.11
42.991,10.984,10.118
43.161,10.388,10.182
43.532,9.891,10.277
43.963,9.4446,10.382
41.529,60.447,7.5667
41.123,59.976,7.6611
40.686,59.535,7.757
40.263,59.077,7.8481
39.935,58.55,7.9231
39.859,57.934,7.9573
40.109,57.366,7.9372
40.512,56.884,7.8919
40.952,56.438,7.8422
41.381,55.979,7.7973
41.726,55.458,7.7707
41.829,54.846,7.7857
41.602,54.269,7.8451
41.209,53.785,7.9208
40.773,53.338,7.9978
40.342,52.886,8.0716
39.983,52.375,8.1357
39.849,51.772,8.1732
40.046,51.181,8.1709
40.431,50.687,8.1455
40.87,50.237,8.1153
41.305,49.784,8.0882
41.677,49.276,8.073
41.832,48.679,8.0862
41.66,48.083,8.1314
41.285,47.584,8.1889
40.851,47.134,8.2468
40.414,46.683,8.3021
40.032,46.184,8.3519
39.85,45.594,8.3869
39.994,44.992,8.3976
40.361,44.481,8.391
40.796,44.027,8.3804
41.235,43.577,8.3722
41.624,43.084,8.3717
41.831,42.497,8.3885
41.709,41.893,8.4243
41.357,41.372,8.4654
40.925,40.916,8.5046
40.48,40.472,8.5411
40.086,39.988,8.5741
39.852,39.408,8.6025
39.953,38.799,8.6207
40.294,38.272,8.631
40.723,37.81,8.6395
41.17,37.363,8.6497
41.569,36.884,8.6648
41.823,36.316,8.6881
41.747,35.702,8.7174
41.418,35.172,8.7426
40.992,34.708,8.7621
40.549,34.263,8.778
40.141,33.783,8.7927
39.869,33.223,8.8089
39.913,32.605,8.8304
40.233,32.069,8.8552
40.655,31.603,8.8826
41.099,31.159,8.9125
41.51,30.683,8.9459
41.796,30.13,8.9816
41.786,29.513,9.0111
41.48,28.967,9.0243
41.061,28.499,9.0265
40.614,28.057,9.0235
40.199,27.584,9.0206
39.901,27.035,9.0242
39.882,26.418,9.0449
40.172,25.863,9.0834
40.585,25.392,9.1292
41.026,24.946,9.1788
41.448,24.483,9.2306
41.768,23.944,9.2808
41.807,23.331,9.3136
41.541,22.765,9.3178
41.133,22.288,9.303
40.691,21.841,9.2808
40.265,21.379,9.2581
39.929,20.847,9.2441
39.863,20.235,9.2586
40.112,19.666,9.3055
40.511,19.184,9.3682
40.951,18.74,9.4368
41.378,18.283,9.5072
41.724,17.764,9.5736
41.833,17.155,9.6167
41.605,16.579,9.6147
41.212,16.087,9.5848
40.772,15.639,9.5439
40.339,15.184,9.5015
39.982,14.671,9.4694
39.846,14.063,9.4709
40.047,13.48,9.5224
40.431,12.988,9.6007
40.865,12.542,9.6878
41.298,12.093,9.7774
41.667,11.594,9.8617
41.841,11.001,9.9196
41.671,10.402,9.9188
41.299,9.8997,9.8759
40.864,9.4487,9.8164
37.012,60.444,8.3863
37.421,59.972,8.3202
37.861,59.528,8.2512
38.284,59.067,8.188
38.612,58.537,8.1456
38.673,57.919,8.1515
38.422,57.354,8.2063
38.02,56.876,8.2808
37.582,56.432,8.3571
37.155,55.975,8.4292
36.811,55.457,8.4873
36.716,54.846,8.5088
36.941,54.266,8.4852
37.331,53.776,8.4403
37.772,53.331,8.3904
38.205,52.878,8.3443
38.563,52.364,8.3119
38.695,51.762,8.3114
38.486,51.174,8.3509
38.106,50.683,8.4055
37.668,50.235,8.4627
37.233,49.782,8.5169
36.864,49.274,8.5621
36.699,48.679,8.586
36.88,48.084,8.5766
37.256,47.583,8.5498
37.694,47.134,8.5196
38.132,46.683,8.492
38.509,46.179,8.4733
38.694,45.587,8.4743
38.546,44.989,8.5006
38.177,44.48,8.5384
37.743,44.026,8.5764
37.304,43.578,8.6117
36.917,43.085,8.6419
36.712,42.498,8.6608
36.83,41.894,8.6627
37.188,41.376,8.6537
37.621,40.919,8.6431
38.062,40.47,8.6348
38.456,39.986,8.6317
38.685,39.405,8.6389
38.587,38.795,8.6574
38.243,38.272,8.6783
37.813,37.813,8.6969
37.372,37.366,8.7126
36.97,36.884,8.7254
36.716,36.315,8.7351
36.794,35.7,8.7418
37.124,35.17,8.7476
37.55,34.707,8.755
37.992,34.261,8.7647
38.4,33.781,8.7777
38.671,33.222,8.7939
38.626,32.605,8.8084
38.306,32.068,8.8153
37.884,31.602,8.8161
37.441,31.156,8.8133
37.029,30.681,8.8092
36.742,30.128,8.8075
36.754,29.511,8.8158
37.061,28.966,8.8354
37.478,28.496,8.8613
37.921,28.051,8.8908
38.338,27.582,8.9225
38.639,27.035,8.9527
38.659,26.421,8.9701
38.369,25.865,8.9659
37.956,25.392,8.9493
37.514,24.946,8.9274
37.092,24.482,8.9044
36.774,23.941,8.8878
36.729,23.327,8.8919
36.999,22.763,8.9222
37.407,22.288,8.9655
37.848,21.842,9.0142
38.273,21.383,9.0646
38.607,20.853,9.1105
38.676,20.239,9.1335
38.432,19.669,9.1217
38.029,19.186,9.0882
37.589,18.739,9.047
37.16,18.282,9.0045
36.813,17.762,8.9702
36.716,17.15,8.9657
36.936,16.572,9.0016
37.324,16.08,9.0607
37.765,15.638,9.1288
38.198,15.186,9.1988
38.557,14.678,9.2626
38.689,14.073,9.298
38.494,13.485,9.2841
38.111,12.99,9.2366
37.674,12.542,9.1772
37.241,12.09,9.1156
36.869,11.589,9.0619
36.706,10.992,9.0422
36.874,10.394,9.0785
37.245,9.8946,9.1508
37.678,9.4463,9.2359
35.244,60.445,8.7053
34.836,59.973,8.7781
34.397,59.529,8.8537
33.974,59.069,8.9238
33.648,58.539,8.9742
33.577,57.922,8.9799
33.832,57.358,8.934
34.234,56.878,8.8678
34.672,56.434,8.799
35.101,55.977,8.7345
35.443,55.457,8.6855
35.546,54.844,8.6732
35.317,54.267,8.7067
34.923,53.781,8.7602
34.485,53.334,8.8167
34.053,52.88,8.8696
33.695,52.367,8.9102
33.568,51.762,8.9195
33.768,51.173,8.8906
34.153,50.681,8.8436
34.591,50.232,8.7938
35.025,49.78,8.7473
35.396,49.273,8.71
35.549,48.676,8.6969
35.375,48.079,8.7152
34.999,47.58,8.7498
34.563,47.13,8.787
34.126,46.678,8.8215
33.745,46.177,8.8483
33.565,45.586,8.8564
33.715,44.985,8.8397
34.077,44.472,8.8111
34.512,44.02,8.7807
34.955,43.574,8.7526
35.343,43.082,8.7306
35.551,42.495,8.7213
35.424,41.891,8.7297
35.07,41.371,8.7468
34.637,40.914,8.7646
34.194,40.468,8.78
33.8,39.983,8.7905
33.567,39.403,8.7926
33.671,38.795,8.7839
34.014,38.27,8.7715
34.444,37.808,8.7604
34.889,37.361,8.7517
35.287,36.881,8.7465
35.541,36.312,8.7453
35.464,35.698,8.7478
35.132,35.169,8.7499
34.706,34.706,8.7494
34.263,34.261,8.7464
33.857,33.781,8.7409
33.586,33.22,8.7334
33.631,32.602,8.7283
33.951,32.067,8.7295
34.375,31.602,8.7358
34.819,31.158,8.7453
35.229,30.68,8.7566
35.513,30.126,8.7669
35.502,29.509,8.7687
35.195,28.964,8.7579
34.777,28.495,8.7399
34.334,28.049,8.7179
33.916,27.58,8.6941
33.616,27.033,8.6731
33.6,26.416,8.666
33.89,25.86,8.679
34.304,25.389,8.7031
34.746,24.943,8.732
35.168,24.479,8.7623
35.487,23.939,8.7878
35.522,23.325,8.7927
35.254,22.76,8.7718
34.847,22.284,8.7363
34.405,21.839,8.6949
33.981,21.377,8.6522
33.646,20.846,8.6148
33.58,20.235,8.6019
33.829,19.666,8.6229
34.23,19.182,8.6635
34.671,18.737,8.7115
35.098,18.279,8.7608
35.444,17.758,8.8033
35.549,17.148,8.8184
35.318,16.573,8.7906
34.925,16.084,8.7392
34.487,15.638,8.6791
34.056,15.184,8.6172
33.7,14.672,8.5628
33.562,14.065,8.5373
33.763,13.481,8.5626
34.149,12.988,8.6187
34.584,12.54,8.6855
35.018,12.09,8.7548
35.388,11.588,8.8163
35.557,10.992,8.8467
35.384,10.396,8.8185
35.012,9.8957,8.7532
34.579,9.4468,8.6739
30.728,60.446,9.5219
31.135,59.975,9.4346
31.572,59.533,9.3457
31.995,59.075,9.2619
32.324,58.547,9.1955
32.393,57.93,9.1725
32.145,57.363,9.2015
31.742,56.881,9.2546
31.303,56.436,9.3114
30.874,55.978,9.3636
30.529,55.458,9.3989
30.433,54.847,9.3932
30.657,54.268,9.3438
31.049,53.782,9.2762
31.486,53.336,9.2065
31.917,52.883,9.1404
32.277,52.373,9.0847
32.408,51.771,9.0573
32.208,51.179,9.0693
31.829,50.685,9.1015
31.39,50.236,9.1388
30.952,49.783,9.1733
30.58,49.275,9.1963
30.417,48.681,9.1936
30.597,48.086,9.1573
30.97,47.585,9.1081
31.406,47.135,9.0576
31.843,46.685,9.0097
32.223,46.183,8.9684
32.414,45.594,8.9424
32.265,44.995,8.9417
31.897,44.484,8.9565
31.46,44.032,8.9743
31.019,43.584,8.9897
30.636,43.088,8.9976
30.428,42.501,8.9902
30.544,41.898,8.9646
30.902,41.38,8.9318
31.334,40.923,8.9002
31.775,40.474,8.8715
32.169,39.99,8.8466
32.398,39.41,8.8279
32.307,38.8,8.8191
31.963,38.275,8.8171
31.533,37.817,8.8159
31.092,37.369,8.8125
30.688,36.888,8.805
30.435,36.318,8.7908
30.509,35.702,8.7714
30.838,35.172,8.7549
31.265,34.709,8.7428
31.707,34.263,8.7339
32.115,33.784,8.7268
32.388,33.225,8.7192
32.34,32.607,8.7075
32.024,32.069,8.6914
31.602,31.603,8.6718
31.16,31.157,8.6493
30.747,30.683,8.6238
30.457,30.132,8.5971
30.471,29.515,8.5777
30.776,28.968,8.5729
31.193,28.498,8.5778
31.637,28.053,8.5873
32.054,27.582,8.5977
32.359,27.036,8.6032
32.377,26.423,8.5925
32.086,25.867,8.5633
31.675,25.394,8.5255
31.233,24.949,8.4833
30.812,24.485,8.4394
30.493,23.945,8.398
30.442,23.334,8.3742
30.713,22.77,8.3795
31.12,22.292,8.4017
31.561,21.845,8.4306
31.987,21.385,8.4604
32.32,20.852,8.4824
32.399,20.24,8.4787
32.15,19.672,8.4409
31.749,19.189,8.3859
31.31,18.743,8.3246
30.881,18.288,8.2614
30.535,17.769,8.2034
30.428,17.158,8.1702
30.648,16.58,8.1804
31.043,16.09,8.2185
31.481,15.643,8.2665
31.914,15.189,8.3163
32.273,14.678,8.3573
32.406,14.07,8.3658
32.212,13.484,8.3258
31.828,12.991,8.2565
31.394,12.544,8.1774
30.961,12.095,8.0956
30.59,11.596,8.0194
30.425,11,7.9724
30.587,10.4,7.9807
30.959,9.8984,8.0305
31.393,9.4481,8.0955
28.96,60.443,9.8428
28.55,59.969,9.895
28.109,59.525,9.9513
27.685,59.062,10.001
27.36,58.529,10.028
27.299,57.911,10.005
27.554,57.349,9.9332
27.956,56.872,9.8452
28.393,56.429,9.7563
28.82,55.974,9.6711
29.162,55.456,9.5985
29.258,54.844,9.5596
29.032,54.264,9.5672
28.636,53.777,9.5997
28.197,53.329,9.637
27.764,52.873,9.6702
27.407,52.358,9.688
27.286,51.753,9.6697
27.49,51.166,9.6136
27.873,50.678,9.5444
28.31,50.23,9.4738
28.744,49.777,9.4062
29.115,49.27,9.3457
29.267,48.675,9.3057
29.09,48.077,9.2978
28.718,47.573,9.31
28.28,47.123,9.3279
27.839,46.673,9.3432
27.457,46.171,9.3481
27.277,45.58,9.33
27.435,44.982,9.2858
27.8,44.472,9.2333
28.233,44.019,9.182
28.673,43.572,9.1332
29.06,43.079,9.0884
29.271,42.494,9.052
29.141,41.892,9.0335
28.783,41.373,9.0281
28.35,40.916,9.0261
27.908,40.467,9.0221
27.517,39.98,9.0115
27.284,39.398,8.9879
27.386,38.793,8.952
27.733,38.271,8.9156
28.165,37.811,8.8834
28.61,37.363,8.8543
29.004,36.881,8.8275
29.252,36.309,8.8016
29.183,35.696,8.7777
28.849,35.168,8.7572
28.42,34.708,8.7368
27.974,34.265,8.7143
27.571,33.782,8.6873
27.309,33.219,8.6548
27.348,32.6,8.6223
27.668,32.065,8.6003
28.092,31.599,8.5866
28.535,31.153,8.5771
28.949,30.678,8.5682
29.233,30.124,8.5542
29.214,29.505,8.5279
28.909,28.959,8.492
28.49,28.492,8.452
28.048,28.047,8.4091
27.631,27.578,8.3633
27.328,27.033,8.3172
27.321,26.418,8.2831
27.609,25.86,8.2711
28.022,25.388,8.2746
28.465,24.941,8.2843
28.886,24.475,8.2943
29.207,23.933,8.2961
29.242,23.322,8.2736
28.969,22.759,8.2267
28.563,22.283,8.1693
28.122,21.839,8.1073
27.699,21.379,8.0434
27.365,20.848,7.9817
27.291,20.238,7.9406
27.543,19.67,7.9367
27.945,19.185,7.9561
28.386,18.738,7.9847
28.816,18.279,8.0143
29.159,17.755,8.0335
29.265,17.144,8.0214
29.035,16.57,7.9676
28.642,16.084,7.8937
28.205,15.639,7.8132
27.775,15.187,7.7306
27.418,14.678,7.653
27.282,14.072,7.6006
27.478,13.485,7.5993
27.863,12.99,7.634
28.3,12.54,7.6817
28.735,12.088,7.7317
29.107,11.585,7.7714
29.265,10.986,7.7731
29.096,10.389,7.7185
28.726,9.8917,7.63
28.294,9.4449,7.5298
24.443,60.448,10.665
24.848,59.978,10.556
25.284,59.538,10.448
25.707,59.082,10.343
26.038,58.558,10.252
26.117,57.944,10.2
25.869,57.374,10.204
25.473,56.885,10.234
25.029,56.44,10.273
24.597,55.983,10.305
24.248,55.463,10.318
24.141,54.853,10.287
24.369,54.277,10.211
24.758,53.791,10.122
25.197,53.349,10.032
25.626,52.897,9.9455
25.984,52.386,9.8668
26.127,51.783,9.8107
25.934,51.192,9.7953
25.55,50.696,9.8063
25.111,50.244,9.8236
24.675,49.791,9.8377
24.3,49.283,9.8384
24.142,48.688,9.8084
24.31,48.09,9.7463
24.681,47.591,9.6747
25.116,47.141,9.6039
25.552,46.691,9.5356
25.936,46.193,9.4714
26.13,45.607,9.4186
25.983,45.005,9.391
25.62,44.49,9.3825
25.186,44.035,9.3802
24.745,43.585,9.3756
24.356,43.091,9.3618
24.137,42.507,9.3291
24.26,41.906,9.2763
24.613,41.386,9.2201
25.044,40.929,9.1678
25.486,40.481,9.1185
25.879,39.997,9.0715
26.12,39.419,9.0262
26.029,38.811,8.9903
25.686,38.285,8.965
25.258,37.824,8.9434
24.815,37.377,8.9202
24.412,36.895,8.8912
24.155,36.325,8.8512
24.217,35.712,8.8042
24.548,35.182,8.7637
24.973,34.718,8.7305
25.416,34.272,8.7014
25.825,33.793,8.6728
26.097,33.233,8.6403
26.065,32.615,8.601
25.748,32.078,8.5606
25.327,31.611,8.5198
24.884,31.165,8.4771
24.47,30.692,8.4303
24.182,30.141,8.3789
24.184,29.523,8.3312
24.486,28.976,8.3019
24.904,28.505,8.2857
25.347,28.059,8.2753
25.767,27.589,8.265
26.071,27.042,8.2461
26.094,26.426,8.2081
25.807,25.87,8.1539
25.396,25.399,8.0948
24.954,24.953,8.0326
24.533,24.491,7.9679
24.212,23.954,7.9025
24.159,23.342,7.8509
24.425,22.775,7.8302
24.832,22.296,7.831
25.275,21.848,7.84
25.703,21.387,7.8495
26.039,20.855,7.848
26.112,20.241,7.8162
25.868,19.672,7.7531
25.467,19.191,7.6763
25.03,18.746,7.595
24.602,18.292,7.5115
24.254,17.776,7.4302
24.146,17.167,7.3697
24.362,16.587,7.3531
24.756,16.094,7.3691
25.196,15.645,7.3972
25.63,15.189,7.427
25.991,14.677,7.4457
26.122,14.069,7.427
25.928,13.484,7.3609
25.546,12.991,7.2697
25.112,12.546,7.1708
24.681,12.098,7.0691
24.31,11.602,6.9707
24.141,11.009,6.8964
24.3,10.408,6.8772
24.672,9.9027,6.904
25.108,9.4502,6.9487
22.676,60.442,10.986
22.264,59.966,11.017
21.821,59.519,11.053
21.395,59.055,11.082
21.071,58.519,11.084
21.021,57.901,11.031
21.277,57.341,10.935
21.679,56.866,10.826
22.115,56.425,10.718
22.539,55.97,10.613
22.881,55.453,10.517
22.973,54.843,10.452
22.746,54.262,10.433
22.355,53.769,10.443
21.911,53.322,10.46
21.476,52.866,10.473
21.119,52.349,10.467
20.999,51.745,10.422
21.211,51.161,10.339
21.591,50.672,10.248
22.028,50.226,10.158
22.463,49.775,10.07
22.831,49.268,9.9871
22.99,48.675,9.9198
22.806,48.079,9.8859
22.43,47.577,9.8759
21.992,47.124,9.8732
21.552,46.671,9.8677
21.174,46.165,9.8493
20.992,45.574,9.8048
21.151,44.98,9.734
21.52,44.472,9.6588
21.954,44.021,9.5874
22.393,43.573,9.5188
22.776,43.079,9.4521
22.986,42.493,9.3897
22.86,41.891,9.344
22.499,41.374,9.3154
22.063,40.918,9.293
21.619,40.47,9.2689
21.232,39.979,9.2357
21.007,39.395,9.1854
21.104,38.79,9.1225
21.451,38.269,9.063
21.88,37.81,9.0103
22.321,37.363,8.9614
22.723,36.88,8.9129
22.968,36.308,8.861
22.898,35.693,8.8093
22.563,35.165,8.7648
22.136,34.702,8.7235
21.694,34.256,8.6807
21.285,33.777,8.6322
21.019,33.216,8.5745
21.07,32.599,8.5144
21.388,32.062,8.4681
21.812,31.596,8.4334
22.255,31.149,8.4038
22.669,30.673,8.3733
22.954,30.119,8.3345
22.929,29.503,8.2804
22.623,28.958,8.2202
22.206,28.49,8.1593
21.763,28.045,8.0966
21.348,27.576,8.03
21.045,27.031,7.9594
21.033,26.419,7.8976
21.325,25.862,7.8611
21.738,25.388,7.8432
22.183,24.941,7.8328
22.604,24.473,7.8217
22.921,23.929,7.7986
22.962,23.317,7.7492
22.686,22.758,7.677
22.279,22.283,7.5983
21.84,21.839,7.5166
21.416,21.38,7.4322
21.086,20.85,7.3471
21.008,20.24,7.2781
21.258,19.671,7.2485
21.662,19.185,7.2463
22.104,18.736,7.2548
22.535,18.276,7.2638
22.88,17.752,7.2594
22.976,17.138,7.2185
22.749,16.566,7.1395
22.355,16.081,7.044
21.92,15.637,6.9439
21.491,15.186,6.8413
21.134,14.679,6.7411
21.001,14.075,6.6619
21.194,13.487,6.6336
21.581,12.989,6.6461
22.02,12.538,6.674
22.456,12.084,6.7038
22.828,11.578,6.721
22.983,10.978,6.6954
22.81,10.384,6.6133
22.44,9.8884,6.5027
22.009,9.4433,6.3829
18.159,60.45,11.807
18.562,59.982,11.678
18.997,59.542,11.549
19.418,59.088,11.425
19.75,58.567,11.311
19.829,57.953,11.231
19.59,57.379,11.207
19.186,56.892,11.217
18.744,56.443,11.234
18.311,55.981,11.246
17.963,55.46,11.235
17.866,54.849,11.175
18.088,54.273,11.074
18.472,53.784,10.964
18.909,53.342,10.855
19.341,52.894,10.748
19.703,52.388,10.647
19.845,51.79,10.564
19.65,51.196,10.522
19.272,50.698,10.51
18.831,50.245,10.507
18.39,49.789,10.501
18.017,49.278,10.478
17.85,48.684,10.423
18.027,48.091,10.333
18.398,47.592,10.24
18.833,47.143,10.149
19.27,46.694,10.06
19.649,46.196,9.9741
19.846,45.61,9.8951
19.706,45.008,9.8399
19.339,44.494,9.8086
18.902,44.039,9.7858
18.459,43.589,9.7611
18.073,43.093,9.7247
17.86,42.507,9.6651
17.974,41.905,9.5857
18.33,41.387,9.5064
18.763,40.933,9.4338
19.207,40.488,9.3649
19.596,40.001,9.296
19.83,39.421,9.225
19.747,38.812,9.1614
19.404,38.286,9.1122
18.975,37.825,9.0697
18.532,37.376,9.0262
18.128,36.895,8.9755
17.873,36.327,8.91
17.937,35.711,8.8352
18.264,35.18,8.7708
18.691,34.717,8.717
19.134,34.269,8.668
19.544,33.791,8.6181
19.819,33.233,8.5607
19.776,32.615,8.4935
19.463,32.076,8.4287
19.042,31.609,8.3668
18.599,31.163,8.3038
18.186,30.69,8.2355
17.894,30.141,8.1594
17.903,29.526,8.0847
18.204,28.976,8.0304
18.621,28.504,7.9931
19.066,28.057,7.963
19.485,27.586,7.9316
19.791,27.039,7.8885
19.811,26.426,7.8229
19.522,25.87,7.7435
19.112,25.398,7.6629
18.671,24.954,7.5805
18.251,24.491,7.4948
17.929,23.955,7.4051
17.873,23.346,7.3262
18.14,22.779,7.2803
18.547,22.298,7.2594
18.991,21.849,7.2486
19.42,21.386,7.2376
19.754,20.851,7.212
19.833,20.239,7.1535
19.585,19.673,7.0647
19.185,19.192,6.9663
18.748,18.748,6.865
18.321,18.294,6.7611
17.974,17.779,6.6568
17.858,17.173,6.5682
18.074,16.592,6.5256
18.47,16.098,6.5194
18.911,15.647,6.5275
19.347,15.189,6.5372
19.708,14.675,6.5328
19.839,14.066,6.4865
19.644,13.483,6.3937
19.263,12.992,6.28
18.831,12.548,6.1605
18.401,12.102,6.0382
18.03,11.607,5.9172
17.858,11.017,5.8157
18.013,10.415,5.7687
18.385,9.907,5.7734
18.823,9.4522,5.7989
16.392,60.44,12.127
15.977,59.963,12.136
15.533,59.514,12.152
15.106,59.047,12.161
14.784,58.508,12.138
14.74,57.89,12.057
14.999,57.334,11.935
15.4,56.861,11.805
15.835,56.421,11.677
16.258,55.967,11.552
16.599,55.452,11.433
16.691,54.843,11.341
16.462,54.262,11.296
16.068,53.768,11.284
15.623,53.319,11.282
15.187,52.861,11.275
14.832,52.34,11.245
14.714,51.736,11.172
14.932,51.155,11.063
15.313,50.67,10.95
15.75,50.225,10.84
16.182,49.774,10.732
16.547,49.266,10.627
16.707,48.673,10.533
16.525,48.077,10.472
16.145,47.576,10.44
15.702,47.125,10.418
15.261,46.671,10.392
14.887,46.162,10.35
14.716,45.567,10.278
14.871,44.972,10.181
15.24,44.468,10.083
15.674,44.016,9.9912
16.111,43.568,9.9024
16.497,43.076,9.8138
16.697,42.49,9.7253
16.572,41.886,9.6523
16.213,41.367,9.6003
15.777,40.909,9.5573
15.335,40.458,9.5127
14.942,39.971,9.4583
14.717,39.389,9.3823
14.826,38.784,9.2917
15.172,38.263,9.2086
15.602,37.805,9.1352
16.044,37.357,9.066
16.444,36.874,8.9955
16.693,36.303,8.9182
16.61,35.69,8.8391
16.277,35.161,8.7709
15.849,34.699,8.7089
15.406,34.252,8.6462
15,33.771,8.5763
14.733,33.212,8.4939
14.786,32.597,8.4064
15.107,32.061,8.3358
15.53,31.594,8.2797
15.975,31.147,8.2296
16.387,30.669,8.1773
16.671,30.114,8.1134
16.647,29.499,8.0318
16.338,28.956,7.9473
15.921,28.488,7.8656
15.479,28.044,7.7833
15.064,27.574,7.6962
14.764,27.03,7.6018
14.749,26.419,7.5125
15.042,25.862,7.4505
15.456,25.387,7.4106
15.901,24.938,7.3796
16.324,24.47,7.3472
16.638,23.924,7.2991
16.677,23.313,7.2221
16.4,22.755,7.1249
15.994,22.281,7.0253
15.555,21.838,6.9242
15.132,21.379,6.82
14.803,20.85,6.7121
14.724,20.242,6.6162
14.974,19.672,6.5605
15.379,19.184,6.5358
15.823,18.734,6.5237
16.255,18.273,6.5117
16.6,17.746,6.4834
16.693,17.132,6.4146
16.464,16.562,6.3099
16.07,16.079,6.193
15.636,15.636,6.0734
15.208,15.186,5.9512
14.852,14.681,5.8289
14.717,14.079,5.7224
14.909,13.49,5.6664
15.297,12.99,5.655
15.737,12.537,5.6615
16.175,12.081,5.6701
16.548,11.572,5.6638
16.7,10.971,5.6104
16.524,10.379,5.5016
16.154,9.8861,5.3698
15.725,9.4423,5.2317
11.874,60.452,12.952
12.276,59.985,12.802
12.709,59.547,12.654
13.13,59.094,12.51
13.462,58.575,12.372
13.55,57.964,12.264
13.313,57.388,12.214
12.909,56.898,12.203
12.464,56.447,12.201
12.03,55.984,12.192
11.68,55.46,12.158
11.583,54.85,12.071
11.803,54.275,11.945
12.19,53.792,11.812
12.624,53.349,11.683
13.053,52.899,11.556
13.416,52.396,11.431
13.56,51.8,11.321
13.372,51.203,11.252
12.995,50.702,11.217
12.553,50.247,11.193
12.109,49.791,11.167
11.734,49.28,11.122
11.567,48.687,11.039
11.742,48.095,10.923
12.111,47.596,10.807
12.545,47.147,10.696
12.981,46.699,10.587
13.362,46.202,10.479
13.562,45.618,10.373
13.426,45.016,10.291
13.061,44.5,10.236
12.622,44.044,10.193
12.177,43.594,10.149
11.791,43.097,10.09
11.581,42.511,10.004
11.69,41.909,9.8982
12.042,41.391,9.7957
12.473,40.934,9.7024
12.914,40.486,9.6129
13.311,40.004,9.5226
13.55,39.429,9.4258
13.464,38.818,9.335
13.125,38.289,9.2622
12.693,37.826,9.1993
12.248,37.375,9.1358
11.846,36.896,9.0642
11.587,36.331,8.9741
11.654,35.718,8.8722
11.978,35.186,8.7836
12.404,34.721,8.7085
12.847,34.273,8.6388
13.257,33.794,8.5668
13.535,33.236,8.4839
13.498,32.621,8.3896
13.184,32.082,8.3013
12.763,31.614,8.2192
12.32,31.168,8.1371
11.906,30.695,8.0483
11.614,30.147,7.9481
11.615,29.533,7.8458
11.915,28.983,7.7668
12.333,28.51,7.7077
12.778,28.061,7.6566
13.199,27.59,7.6032
13.505,27.043,7.5349
13.53,26.43,7.4421
13.243,25.875,7.3388
12.834,25.403,7.2383
12.393,24.958,7.1371
11.972,24.497,7.0317
11.65,23.963,6.9187
11.588,23.355,6.8123
11.851,22.786,6.74
12.259,22.303,6.6967
12.704,21.853,6.6645
13.135,21.389,6.6315
13.471,20.854,6.5812
13.548,20.241,6.4948
13.304,19.676,6.3819
12.905,19.195,6.2633
12.469,18.752,6.1434
12.041,18.299,6.0202
11.693,17.787,5.8936
11.577,17.182,5.7782
11.787,16.599,5.7083
12.182,16.102,5.6789
12.625,15.649,5.6657
13.063,15.19,5.6533
13.426,14.674,5.6245
13.556,14.066,5.5501
13.362,13.484,5.4319
12.982,12.994,5.298
12.551,12.551,5.1607
12.121,12.105,5.0208
11.75,11.613,4.8799
11.575,11.025,4.7533
11.726,10.422,4.6795
12.097,9.9118,4.6607
12.537,9.4545,4.6651
10.107,60.439,13.27
9.691,59.96,13.256
9.244,59.508,13.25
8.816,59.038,13.234
8.4979,58.496,13.184
8.4561,57.879,13.075
8.7209,57.327,12.93
9.1224,56.856,12.783
9.557,56.416,12.638
9.9795,55.963,12.494
10.317,55.447,12.354
10.407,54.838,12.235
10.177,54.257,12.165
9.7763,53.766,12.131
9.3314,53.313,12.106
8.8959,52.851,12.076
8.5422,52.328,12.021
8.4372,51.723,11.919
8.6545,51.145,11.785
9.0348,50.659,11.652
9.4716,50.214,11.522
9.9045,49.765,11.395
10.27,49.26,11.267
10.423,48.667,11.147
10.235,48.072,11.06
9.8565,47.568,11.004
9.4149,47.113,10.961
8.9739,46.657,10.913
8.5979,46.147,10.848
8.425,45.554,10.749
8.5931,44.965,10.626
8.964,44.461,10.506
9.3991,44.011,10.395
9.8365,43.563,10.286
10.217,43.068,10.176
10.418,42.482,10.061
10.289,41.882,9.9621
9.9247,41.364,9.8871
9.4855,40.907,9.8231
9.0399,40.458,9.7578
8.655,39.964,9.6791
8.4395,39.38,9.5752
8.5436,38.777,9.4584
8.8936,38.258,9.3534
9.3241,37.8,9.2608
9.7655,37.351,9.1725
10.166,36.867,9.0812
10.406,36.294,8.9784
10.326,35.681,8.8719
9.9891,35.155,8.7797
9.5596,34.693,8.6959
9.1172,34.245,8.6113
8.7109,33.764,8.5177
8.4485,33.204,8.4084
8.5073,32.59,8.2936
8.8279,32.054,8.2009
9.254,31.587,8.1263
9.6988,31.139,8.058
10.111,30.66,7.9856
10.392,30.103,7.8973
10.361,29.49,7.7882
10.049,28.949,7.6789
9.6315,28.482,7.5748
9.1895,28.038,7.4701
8.7759,27.568,7.3588
8.4784,27.024,7.2375
8.4664,26.414,7.121
8.7615,25.858,7.0371
9.1775,25.382,6.9794
9.6241,24.932,6.931
10.047,24.462,6.8794
10.358,23.914,6.8073
10.391,23.302,6.7025
10.112,22.747,6.5798
9.7053,22.275,6.4574
9.2666,21.832,6.3337
8.8453,21.375,6.2056
8.5177,20.847,6.0709
8.4423,20.24,5.947
8.692,19.669,5.868
9.099,19.181,5.8252
9.5446,18.729,5.7961
9.9782,18.265,5.7656
10.321,17.736,5.7144
10.407,17.122,5.6174
10.176,16.555,5.4866
9.7822,16.074,5.3466
9.3485,15.632,5.2049
8.9222,15.183,5.0596
8.5681,14.68,4.9123
8.435,14.079,4.7793
8.6263,13.49,4.7
9.0152,12.988,4.6707
9.4583,12.533,4.6609
9.898,12.074,4.6518
10.27,11.562,4.6239
10.417,10.96,4.5438
10.237,10.371,4.4085
9.8666,9.8811,4.2532
9.4391,9.4395,4.0908
