59.558,59.558,1.6906
59.102,59.134,1.8095
58.584,58.796,1.9264
57.974,58.709,2.0205
57.393,58.942,2.0615
56.904,59.342,2.06
56.453,59.786,2.0409
55.992,60.219,2.0185
55.468,60.573,2.0106
54.86,60.676,2.0524
54.278,60.455,2.1507
53.794,60.069,2.2717
53.351,59.634,2.3985
52.902,59.207,2.5251
52.397,58.842,2.6459
51.801,58.695,2.7334
51.204,58.884,2.7532
50.702,59.267,2.7205
50.25,59.706,2.6659
49.796,60.143,2.6064
49.287,60.52,2.5588
48.689,60.69,2.5609
48.097,60.515,2.6416
47.595,60.145,2.762
47.149,59.716,2.8922
46.706,59.283,3.022
46.216,58.902,3.1416
45.629,58.693,3.2265
45.025,58.826,3.2311
44.508,59.189,3.173
44.053,59.62,3.0903
43.605,60.059,3.0004
43.117,60.451,2.9201
42.531,60.679,2.8827
41.922,60.574,2.9324
41.407,60.227,3.0415
40.953,59.803,3.1669
40.512,59.367,3.2931
40.034,58.968,3.4085
39.466,58.715,3.4877
38.847,58.778,3.4871
38.318,59.109,3.4136
37.857,59.533,3.3122
37.414,59.971,3.203
36.94,60.38,3.0991
36.381,60.651,3.0305
35.758,60.622,3.0427
35.221,60.308,3.1305
34.758,59.89,3.2432
34.317,59.452,3.3579
33.849,59.037,3.463
33.301,58.739,3.5345
32.681,58.737,3.5282
32.13,59.033,3.4455
31.666,59.443,3.333
31.223,59.882,3.211
30.762,60.301,3.0915
30.225,60.619,2.9946
29.61,60.655,2.9701
29.041,60.385,3.0256
28.563,59.983,3.1149
28.121,59.54,3.2119
27.661,59.115,3.2996
27.126,58.778,3.3582
26.513,58.712,3.3456
25.944,58.965,3.2579
25.464,59.36,3.1394
25.024,59.797,3.0114
24.573,60.222,2.8845
24.056,60.571,2.771
23.449,60.683,2.7099
22.867,60.457,2.7305
22.372,60.064,2.7923
21.922,59.621,2.8631
21.466,59.188,2.9256
20.95,58.83,2.9618
20.34,58.694,2.9393
19.76,58.9,2.8464
19.269,59.283,2.7243
18.825,59.719,2.5945
18.377,60.15,2.4654
17.882,60.513,2.3457
17.285,60.688,2.2563
16.686,60.521,2.2352
16.179,60.145,2.2603
15.724,59.706,2.2963
15.27,59.265,2.3269
14.768,58.882,2.3361
14.172,58.7,2.2959
13.571,58.845,2.1998
13.069,59.207,2.0814
12.62,59.637,1.9597
12.176,60.071,1.8392
11.689,60.461,1.7218
11.114,60.678,1.6216
10.5,60.569,1.5639
9.9772,60.217,1.5467
9.5166,59.782,1.5418
9.0655,59.338,1.5322
8.5759,58.938,1.5046
59.55,56.688,2.0545
59.086,57.118,2.0755
58.556,57.455,2.1122
57.944,57.526,2.1916
57.374,57.284,2.3061
56.897,56.89,2.4294
56.455,56.455,2.554
56.003,56.03,2.679
55.492,55.677,2.8023
54.893,55.56,2.9034
54.302,55.768,2.9524
53.806,56.159,2.956
53.354,56.602,2.9402
52.896,57.037,2.9208
52.379,57.406,2.9145
51.778,57.544,2.9546
51.191,57.347,3.0528
50.698,56.969,3.1745
50.254,56.537,3.3009
49.808,56.107,3.4265
49.31,55.732,3.5461
48.722,55.549,3.6381
48.122,55.711,3.6646
47.609,56.082,3.6389
47.154,56.519,3.59
46.702,56.959,3.535
46.204,57.344,3.4898
45.61,57.547,3.4864
45.011,57.405,3.5563
44.501,57.045,3.6668
44.051,56.618,3.7869
43.608,56.182,3.9064
43.124,55.792,4.0165
42.545,55.558,4.0971
41.934,55.661,4.106
41.411,56.009,4.055
40.951,56.438,3.9795
40.505,56.879,3.8965
40.022,57.279,3.82
39.448,57.53,3.7778
38.832,57.455,3.8117
38.307,57.12,3.9028
37.848,56.697,4.0105
37.406,56.259,4.1187
36.929,55.852,4.217
36.368,55.583,4.2831
35.747,55.62,4.2795
35.211,55.94,4.2099
34.747,56.36,4.1147
34.304,56.8,4.0119
33.833,57.213,3.9122
33.281,57.499,3.839
32.658,57.495,3.832
32.111,57.191,3.8949
31.646,56.776,3.9819
31.2,56.334,4.0718
30.732,55.915,4.1521
30.183,55.609,4.2013
29.564,55.591,4.1827
29.007,55.878,4.0989
28.539,56.287,3.9902
28.097,56.725,3.874
27.638,57.144,3.7594
27.104,57.47,3.6607
26.488,57.517,3.6187
25.917,57.258,3.6447
25.432,56.856,3.7028
24.988,56.409,3.7686
24.528,55.98,3.8248
23.996,55.641,3.853
23.381,55.57,3.8184
22.814,55.816,3.7238
22.331,56.21,3.6065
21.888,56.649,3.4829
21.438,57.074,3.3603
20.927,57.423,3.2466
20.319,57.542,3.1678
19.736,57.322,3.1544
19.239,56.93,3.1775
18.79,56.486,3.2095
18.331,56.05,3.234
17.814,55.691,3.2336
17.206,55.552,3.1818
16.624,55.754,3.0759
16.134,56.134,2.9529
15.693,56.57,2.8274
15.248,57.002,2.7022
14.748,57.368,2.5804
14.156,57.54,2.4776
13.554,57.385,2.4216
13.046,57.011,2.4061
12.59,56.572,2.4014
12.137,56.132,2.3914
11.635,55.745,2.3611
11.048,55.556,2.2876
10.448,55.695,2.1704
9.9432,56.052,2.0446
9.4937,56.48,1.9211
9.0506,56.914,1.799
8.5689,57.306,1.6761
59.56,53.277,2.4281
59.106,52.854,2.557
58.592,52.517,2.6885
57.989,52.423,2.8094
57.409,52.648,2.8883
56.919,53.045,2.927
56.468,53.488,2.9481
56.009,53.921,2.9665
55.489,54.28,2.9987
54.887,54.398,3.0721
54.304,54.189,3.1864
53.817,53.807,3.3107
53.374,53.374,3.436
52.927,52.945,3.5606
52.427,52.575,3.6835
51.838,52.408,3.7888
51.24,52.581,3.8438
50.732,52.956,3.8528
50.277,53.396,3.84
49.823,53.836,3.8218
49.318,54.217,3.814
48.725,54.406,3.844
48.13,54.251,3.9314
47.624,53.887,4.0449
47.175,53.458,4.1625
46.731,53.023,4.2789
46.244,52.637,4.389
45.661,52.416,4.4775
45.055,52.528,4.5088
44.532,52.884,4.4875
44.073,53.316,4.4434
43.624,53.759,4.3918
43.136,54.156,4.3467
42.552,54.39,4.3348
41.942,54.3,4.3854
41.422,53.957,4.479
40.965,53.531,4.583
40.522,53.093,4.6863
40.044,52.69,4.7815
39.475,52.436,4.8501
38.855,52.492,4.8605
38.323,52.822,4.8141
37.859,53.248,4.7437
37.413,53.689,4.6659
36.937,54.1,4.5908
36.377,54.373,4.5415
35.754,54.335,4.5543
35.215,54.02,4.6208
34.75,53.599,4.7055
34.305,53.157,4.7906
33.833,52.742,4.8669
33.281,52.45,4.9153
32.662,52.465,4.9021
32.11,52.765,4.8341
31.642,53.175,4.7438
31.2,53.619,4.6448
30.735,54.037,4.5472
30.192,54.348,4.4657
29.577,54.367,4.4382
29.014,54.081,4.4712
28.539,53.671,4.5288
28.093,53.226,4.5904
27.626,52.803,4.6423
27.082,52.48,4.6672
26.468,52.435,4.6344
25.908,52.707,4.5467
25.433,53.111,4.4396
24.992,53.551,4.3263
24.535,53.971,4.2136
24.009,54.306,4.1093
23.398,54.394,4.0418
22.825,54.148,4.0354
22.336,53.744,4.0607
21.886,53.296,4.0924
21.425,52.866,4.1151
20.9,52.523,4.1119
20.286,52.418,4.0568
19.714,52.644,3.9531
19.231,53.035,3.8332
18.789,53.476,3.7098
18.34,53.905,3.5863
17.836,54.256,3.4673
17.235,54.399,3.3668
16.643,54.213,3.3152
16.142,53.829,3.3012
15.689,53.388,3.297
15.233,52.95,3.2869
14.726,52.575,3.2553
14.131,52.415,3.1777
13.538,52.581,3.0582
13.042,52.948,2.9304
12.595,53.378,2.8036
12.152,53.81,2.6772
11.664,54.194,2.5491
11.089,54.399,2.4255
10.483,54.277,2.3298
9.9655,53.923,2.269
9.5073,53.49,2.221
9.0579,53.048,2.1691
8.5704,52.652,2.0989
59.552,50.403,2.697
59.09,50.832,2.755
58.564,51.168,2.8284
57.957,51.245,2.9376
57.389,51.011,3.0679
56.91,50.619,3.1963
56.468,50.185,3.3217
56.018,49.759,3.447
55.511,49.403,3.5747
54.917,49.273,3.6938
54.326,49.471,3.7753
53.828,49.855,3.8161
53.375,50.297,3.8379
52.919,50.734,3.856
52.407,51.107,3.8855
51.811,51.264,3.9512
51.222,51.081,4.0582
50.725,50.71,4.1764
50.278,50.278,4.2941
49.832,49.845,4.4101
49.337,49.466,4.5234
48.754,49.267,4.6224
48.153,49.41,4.6762
47.635,49.776,4.6862
47.177,50.212,4.6751
46.726,50.654,4.6573
46.23,51.045,4.6469
45.639,51.258,4.6683
45.037,51.136,4.7399
44.523,50.78,4.8385
44.069,50.352,4.9408
43.624,49.914,5.0413
43.141,49.519,5.1355
42.562,49.285,5.2101
41.949,49.37,5.2371
41.422,49.715,5.2166
40.96,50.146,5.175
40.512,50.589,5.1265
40.028,50.994,5.0814
39.454,51.243,5.0622
38.835,51.171,5.096
38.307,50.838,5.1683
37.846,50.412,5.2512
37.4,49.971,5.3326
36.922,49.562,5.4061
36.36,49.293,5.4559
35.739,49.346,5.4537
35.2,49.663,5.4068
34.735,50.082,5.34
34.289,50.529,5.2648
33.813,50.943,5.1912
33.259,51.229,5.135
32.64,51.203,5.1287
32.092,50.892,5.1697
31.624,50.474,5.2268
31.178,50.028,5.2851
30.703,49.612,5.3336
30.149,49.314,5.3565
29.533,49.314,5.3281
28.982,49.616,5.2541
28.514,50.03,5.1643
28.072,50.473,5.0683
27.606,50.887,4.9726
27.061,51.197,4.8861
26.446,51.233,4.8374
25.885,50.95,4.8412
25.406,50.536,4.868
24.956,50.09,4.8973
24.491,49.665,4.9174
23.95,49.343,4.9111
23.331,49.295,4.8549
22.773,49.559,4.7594
22.297,49.964,4.6508
21.855,50.402,4.5392
21.399,50.826,4.4259
20.879,51.162,4.3158
20.266,51.245,4.2292
19.69,51.011,4.1893
19.2,50.609,4.1794
18.75,50.166,4.1754
18.288,49.733,4.1634
17.767,49.381,4.1277
17.159,49.278,4.0449
16.584,49.498,3.9274
16.099,49.884,3.804
15.656,50.318,3.6807
15.207,50.745,3.5562
14.706,51.109,3.4296
14.116,51.263,3.3104
13.521,51.08,3.2256
13.019,50.704,3.1734
12.565,50.264,3.1313
12.112,49.826,3.0833
11.609,49.447,3.0141
11.024,49.266,2.9057
10.434,49.42,2.7649
9.9329,49.778,2.6261
9.4854,50.205,2.4931
9.0439,50.638,2.3607
8.5638,51.025,2.2225
59.56,46.994,2.9498
59.107,46.572,3.0805
58.594,46.234,3.2177
57.994,46.139,3.356
57.417,46.36,3.4644
56.929,46.752,3.537
56.479,47.193,3.593
56.022,47.627,3.6462
55.508,47.988,3.7119
54.91,48.116,3.8101
54.326,47.919,3.9339
53.836,47.541,4.0565
53.391,47.108,4.1751
52.944,46.677,4.2921
52.446,46.302,4.4107
51.861,46.128,4.5233
51.261,46.286,4.6043
50.751,46.656,4.6468
50.296,47.094,4.6694
49.843,47.534,4.6864
49.342,47.922,4.711
48.754,48.122,4.7643
48.156,47.98,4.8557
47.644,47.622,4.9596
47.192,47.192,5.0623
46.747,46.755,5.1624
46.26,46.364,5.2592
45.682,46.132,5.3454
45.075,46.238,5.3945
44.548,46.588,5.4046
44.087,47.019,5.3945
43.637,47.464,5.3774
43.149,47.864,5.3642
42.569,48.108,5.3739
41.958,48.023,5.4261
41.434,47.683,5.5037
40.974,47.257,5.5854
40.528,46.815,5.6648
40.048,46.411,5.7381
39.479,46.153,5.7947
38.86,46.206,5.8131
38.326,46.536,5.7918
37.86,46.963,5.7522
37.413,47.407,5.7059
36.933,47.819,5.6603
36.371,48.089,5.6318
35.748,48.052,5.6432
35.209,47.732,5.6899
34.743,47.308,5.7469
34.296,46.865,5.8025
33.82,46.449,5.8504
33.264,46.163,5.8777
32.643,46.187,5.8629
32.093,46.492,5.8124
31.624,46.907,5.7468
31.181,47.354,5.6742
30.712,47.772,5.6008
30.162,48.074,5.5363
29.546,48.074,5.5071
28.988,47.779,5.5173
28.512,47.365,5.5436
28.065,46.917,5.5716
27.596,46.496,5.5902
27.046,46.182,5.5859
26.432,46.162,5.539
25.877,46.447,5.4593
25.402,46.856,5.3692
24.959,47.299,5.2749
24.497,47.718,5.1791
23.963,48.041,5.0851
23.351,48.102,5.0134
22.785,47.837,4.9835
22.301,47.427,4.9758
21.851,46.977,4.9721
21.386,46.551,4.959
20.856,46.221,4.9225
20.241,46.141,4.8452
19.676,46.386,4.7397
19.196,46.784,4.6289
18.757,47.225,4.5177
18.305,47.652,4.4036
17.79,47.996,4.2867
17.186,48.113,4.177
16.602,47.905,4.1013
16.108,47.514,4.0545
15.657,47.073,4.015
15.201,46.638,3.9689
14.69,46.272,3.9016
14.095,46.132,3.795
13.509,46.315,3.6622
13.017,46.687,3.5323
12.572,47.118,3.4059
12.128,47.549,3.2785
11.637,47.927,3.144
11.062,48.118,3.0034
10.464,47.984,2.8783
9.9521,47.628,2.7835
9.4974,47.196,2.7015
9.0504,46.758,2.6163
8.5656,46.365,2.5137
59.555,44.118,3.1132
59.095,44.543,3.2018
58.574,44.881,3.3043
57.973,44.967,3.4351
57.404,44.737,3.5741
56.922,44.349,3.7018
56.48,43.913,3.8225
56.031,43.485,3.9425
55.523,43.13,4.0687
54.93,42.988,4.1978
54.342,43.176,4.3034
53.845,43.558,4.3747
53.393,43.997,4.4296
52.939,44.434,4.4802
52.433,44.812,4.5398
51.841,44.977,4.6266
51.248,44.812,4.7373
50.744,44.447,4.8474
50.294,44.015,4.9518
49.849,43.577,5.0532
49.356,43.194,5.1549
48.775,42.986,5.2533
48.172,43.115,5.3266
47.654,43.477,5.3667
47.198,43.914,5.3881
46.748,44.359,5.4034
46.252,44.748,5.4245
45.665,44.968,5.467
45.06,44.864,5.5391
44.539,44.512,5.6233
44.083,44.083,5.7056
43.635,43.642,5.7847
43.153,43.243,5.8597
42.577,42.997,5.9259
41.964,43.081,5.9638
41.434,43.421,5.9704
40.971,43.852,5.9601
40.521,44.297,5.9435
40.037,44.703,5.9281
39.467,44.963,5.9277
38.849,44.89,5.9605
38.316,44.562,6.0133
37.852,44.134,6.07
37.404,43.691,6.124
36.923,43.282,6.1717
36.361,43.009,6.2049
35.74,43.059,6.2075
35.203,43.381,6.182
34.737,43.803,6.1433
34.287,44.25,6.0981
33.808,44.664,6.0521
33.249,44.946,6.0148
32.631,44.92,6.0055
32.085,44.603,6.0246
31.616,44.182,6.0522
31.167,43.735,6.0785
30.691,43.319,6.0966
30.132,43.029,6.0956
29.517,43.036,6.0627
28.967,43.343,6.0043
28.497,43.761,5.9376
28.051,44.204,5.8663
27.583,44.621,5.7924
27.033,44.923,5.7202
26.416,44.941,5.6678
25.86,44.649,5.6475
25.383,44.231,5.6421
24.933,43.784,5.6372
24.466,43.362,5.6238
23.92,43.049,5.5887
23.302,43.018,5.5195
22.748,43.293,5.4309
22.273,43.704,5.3386
21.829,44.144,5.2447
21.368,44.567,5.1472
20.84,44.893,5.0461
20.226,44.962,4.9527
19.658,44.707,4.8904
19.174,44.301,4.8489
18.725,43.858,4.8111
18.263,43.427,4.7655
17.738,43.088,4.6984
17.129,42.995,4.5961
16.56,43.228,4.477
16.078,43.62,4.3612
15.634,44.056,4.2475
15.183,44.484,4.1309
14.676,44.839,4.006
14.084,44.981,3.8762
13.497,44.785,3.7668
13.002,44.404,3.6838
12.551,43.967,3.609
12.1,43.531,3.5293
11.597,43.159,3.4296
11.015,42.983,3.297
10.429,43.139,3.1444
9.9294,43.498,3.0021
9.482,43.925,2.8682
9.0407,44.357,2.7339
8.5609,44.743,2.5901
59.559,40.71,3.2463
59.106,40.287,3.3731
58.592,39.95,3.5099
57.994,39.855,3.6575
57.421,40.074,3.7862
56.935,40.464,3.885
56.487,40.903,3.9692
56.033,41.335,4.0509
55.522,41.696,4.1435
54.928,41.832,4.2604
54.343,41.646,4.3879
53.85,41.27,4.5034
53.402,40.836,4.6105
52.954,40.403,4.7148
52.456,40.026,4.8232
51.872,39.848,4.936
51.273,39.995,5.0345
50.764,40.362,5.1041
50.309,40.798,5.1571
49.857,41.238,5.205
49.361,41.628,5.258
48.777,41.833,5.3308
48.174,41.708,5.4228
47.659,41.352,5.5136
47.204,40.921,5.5975
46.757,40.481,5.6775
46.271,40.086,5.7563
45.693,39.852,5.8343
45.084,39.951,5.8962
44.555,40.297,5.9332
44.095,40.729,5.9544
43.644,41.173,5.9692
43.159,41.575,5.9853
42.582,41.826,6.0147
41.97,41.741,6.0663
41.44,41.406,6.1256
40.978,40.978,6.1827
40.53,40.534,6.2359
40.048,40.129,6.285
39.481,39.863,6.327
38.862,39.925,6.3505
38.327,40.253,6.3527
37.86,40.68,6.3428
37.411,41.126,6.3269
36.93,41.536,6.3099
36.365,41.808,6.3001
35.745,41.769,6.3099
35.207,41.445,6.3356
34.738,41.021,6.364
34.29,40.576,6.3894
33.812,40.161,6.4086
33.251,39.882,6.415
32.63,39.904,6.4007
32.085,40.218,6.369
31.618,40.639,6.3297
31.169,41.085,6.2855
30.696,41.502,6.2381
30.141,41.796,6.1915
29.523,41.783,6.1594
28.967,41.484,6.1467
28.493,41.068,6.1425
28.047,40.618,6.138
27.576,40.198,6.1255
27.024,39.891,6.0962
26.409,39.888,6.0426
25.855,40.179,5.9763
25.38,40.592,5.9076
24.934,41.038,5.8363
24.47,41.456,5.7611
23.93,41.772,5.6806
23.315,41.81,5.6059
22.756,41.533,5.5542
22.276,41.121,5.5164
21.83,40.675,5.4806
21.362,40.251,5.4364
20.827,39.927,5.3733
20.213,39.862,5.2829
19.652,40.12,5.1833
19.174,40.523,5.087
18.733,40.966,4.992
18.275,41.392,4.892
17.755,41.728,4.7828
17.148,41.827,4.6679
16.572,41.603,4.572
16.084,41.209,4.4972
15.636,40.769,4.4277
15.181,40.336,4.3521
14.669,39.978,4.2577
14.074,39.851,4.133
13.492,40.042,3.9969
13.002,40.418,3.8724
12.556,40.851,3.7535
12.11,41.282,3.632
11.616,41.656,3.499
11.04,41.836,3.3505
10.447,41.693,3.2063
9.9411,41.336,3.0876
9.4896,40.905,2.9814
9.0448,40.47,2.8733
8.5624,40.08,2.7499
59.557,37.832,3.3117
59.101,38.256,3.422
58.584,38.593,3.5452
57.986,38.683,3.6896
57.415,38.461,3.8308
56.932,38.074,3.952
56.487,37.637,4.0625
56.036,37.208,4.1715
55.53,36.847,4.2886
54.941,36.702,4.4178
54.353,36.89,4.5386
53.855,37.264,4.6341
53.405,37.701,4.7151
52.954,38.138,4.7922
52.451,38.515,4.8766
51.866,38.699,4.9779
51.271,38.543,5.0873
50.764,38.178,5.1842
50.311,37.745,5.2703
49.863,37.306,5.3522
49.37,36.919,5.4365
48.789,36.707,5.5275
48.186,36.825,5.6126
47.667,37.182,5.6779
47.208,37.614,5.7293
46.759,38.057,5.7752
46.27,38.453,5.823
45.688,38.683,5.883
45.081,38.591,5.9532
44.556,38.243,6.0196
44.096,37.813,6.0778
43.647,37.37,6.1314
43.164,36.968,6.1832
42.588,36.722,6.236
41.973,36.794,6.2825
41.442,37.132,6.3137
40.978,37.562,6.334
40.529,38.006,6.3486
40.046,38.415,6.3618
39.477,38.675,6.3806
38.856,38.612,6.4101
38.319,38.287,6.4421
37.852,37.861,6.4711
37.407,37.412,6.496
36.927,37,6.5167
36.364,36.727,6.5319
35.743,36.777,6.5379
35.203,37.095,6.534
34.735,37.517,6.5235
34.285,37.967,6.5081
33.806,38.382,6.4893
33.247,38.665,6.4701
32.629,38.633,6.458
32.082,38.317,6.4543
31.614,37.896,6.4524
31.165,37.448,6.4477
30.687,37.033,6.4367
30.128,36.743,6.415
29.513,36.754,6.3807
28.962,37.064,6.3407
28.493,37.485,6.2993
28.048,37.933,6.2548
27.575,38.346,6.2054
27.02,38.643,6.1494
26.403,38.654,6.0947
25.85,38.358,6.0528
25.375,37.939,6.0185
24.925,37.493,5.9832
24.459,37.073,5.9414
23.914,36.763,5.8844
23.296,36.738,5.8096
22.741,37.016,5.7336
22.265,37.429,5.6616
21.819,37.871,5.5892
21.355,38.295,5.5113
20.824,38.619,5.4229
20.209,38.67,5.3271
19.645,38.415,5.2451
19.164,38.008,5.1768
18.716,37.566,5.1109
18.255,37.138,5.0382
17.733,36.8,4.9488
17.126,36.718,4.836
16.555,36.95,4.7218
16.071,37.343,4.619
15.626,37.781,4.5198
15.173,38.209,4.4159
14.664,38.565,4.299
14.071,38.692,4.166
13.487,38.495,4.0394
12.995,38.116,3.9337
12.547,37.68,3.8358
12.098,37.247,3.7338
11.599,36.875,3.6154
11.02,36.701,3.4708
10.432,36.855,3.3169
9.9309,37.213,3.1797
9.4827,37.641,3.0528
9.0404,38.074,2.9245
8.5603,38.461,2.7838
59.558,34.425,3.3291
59.102,34.002,3.4453
58.587,33.665,3.5741
57.989,33.573,3.7221
57.418,33.793,3.8626
56.934,34.181,3.9799
56.489,34.618,4.0851
56.037,35.048,4.1884
55.531,35.41,4.3002
54.94,35.552,4.4276
54.352,35.368,4.5521
53.856,34.993,4.6543
53.406,34.556,4.7434
52.956,34.121,4.8289
52.456,33.742,4.9204
51.871,33.559,5.0257
51.275,33.713,5.133
50.766,34.076,5.2236
50.313,34.51,5.3016
49.864,34.949,5.3753
49.369,35.338,5.4522
48.79,35.553,5.5389
48.188,35.43,5.6263
47.668,35.075,5.699
47.21,34.644,5.7592
46.761,34.201,5.8142
46.272,33.805,5.8704
45.692,33.572,5.9355
45.085,33.664,6.0042
44.559,34.012,6.0637
44.098,34.442,6.1133
43.649,34.885,6.1577
43.165,35.288,6.2012
42.588,35.534,6.2489
41.974,35.463,6.2971
41.443,35.126,6.3361
40.98,34.696,6.3663
40.53,34.252,6.3914
40.048,33.843,6.4146
39.48,33.581,6.44
38.859,33.645,6.4686
38.322,33.97,6.4933
37.853,34.396,6.5123
37.408,34.844,6.5267
36.927,35.256,6.5375
36.364,35.53,6.5462
35.744,35.482,6.5534
35.205,35.161,6.5573
34.739,34.737,6.5569
34.289,34.288,6.5522
33.807,33.875,6.5433
33.246,33.597,6.5308
32.627,33.621,6.5176
32.082,33.939,6.5064
31.614,34.361,6.4945
31.164,34.807,6.4791
30.688,35.224,6.4583
30.129,35.512,6.4297
29.511,35.501,6.3955
28.96,35.193,6.3627
28.49,34.772,6.3312
28.041,34.326,6.2971
27.571,33.908,6.2573
27.018,33.607,6.2082
26.4,33.609,6.1536
25.846,33.902,6.1044
25.372,34.32,6.0602
24.923,34.766,6.0145
24.456,35.185,5.9627
23.913,35.497,5.8986
23.297,35.517,5.8234
22.74,35.238,5.7531
22.262,34.826,5.6895
21.813,34.38,5.6257
21.349,33.959,5.556
20.819,33.637,5.4736
20.205,33.582,5.3777
19.644,33.845,5.29
19.162,34.249,5.2129
18.716,34.691,5.1381
18.256,35.117,5.057
17.734,35.454,4.961
17.128,35.545,4.8466
16.558,35.308,4.7363
16.073,34.915,4.6393
15.627,34.476,4.5466
15.173,34.047,4.4488
14.663,33.692,4.3362
14.07,33.56,4.2043
13.488,33.761,4.0745
12.996,34.14,3.963
12.549,34.575,3.8587
12.101,35.007,3.7507
11.603,35.379,3.6272
11.025,35.557,3.4806
10.437,35.404,3.3289
9.9344,35.046,3.1969
9.4849,34.618,3.0761
9.0418,34.183,2.9541
8.5608,33.796,2.8186
59.559,31.547,3.2945
59.105,31.969,3.4201
58.592,32.307,3.5562
57.995,32.402,3.7057
57.422,32.182,3.8407
56.936,31.795,3.9481
56.489,31.356,4.0412
56.036,30.925,4.132
55.527,30.565,4.2332
54.935,30.417,4.3547
54.35,30.606,4.482
53.856,30.982,4.5933
53.407,31.416,4.6945
52.959,31.851,4.7923
52.46,32.227,4.8951
51.874,32.409,5.0061
51.276,32.264,5.1083
50.768,31.898,5.1857
50.313,31.463,5.2482
49.862,31.023,5.3055
49.368,30.633,5.3673
48.784,30.428,5.4455
48.179,30.546,5.536
47.663,30.901,5.6204
47.207,31.333,5.696
46.759,31.773,5.7673
46.273,32.17,5.8383
45.694,32.404,5.9121
45.085,32.305,5.9769
44.555,31.962,6.0227
44.093,31.533,6.0546
43.646,31.086,6.0804
43.161,30.684,6.107
42.585,30.431,6.1437
41.973,30.513,6.1946
41.443,30.849,6.2471
40.98,31.278,6.295
40.533,31.723,6.3384
40.049,32.128,6.3786
39.479,32.39,6.4149
38.86,32.334,6.4409
38.327,32.003,6.4515
37.861,31.574,6.4521
37.416,31.125,6.4472
36.931,30.718,6.4407
36.365,30.451,6.4379
35.742,30.49,6.4465
35.203,30.812,6.464
34.736,31.238,6.4819
34.287,31.683,6.4963
33.808,32.099,6.5053
33.249,32.38,6.5049
32.628,32.348,6.4905
32.081,32.035,6.4659
31.614,31.613,6.4363
31.165,31.167,6.4023
30.69,30.75,6.3643
30.133,30.457,6.3241
29.517,30.475,6.2917
28.964,30.779,6.2723
28.492,31.199,6.2587
28.043,31.646,6.2431
27.571,32.063,6.2205
27.018,32.367,6.1837
26.402,32.369,6.1296
25.85,32.073,6.0694
25.376,31.658,6.0094
24.928,31.212,5.9472
24.462,30.794,5.8801
23.92,30.481,5.805
23.305,30.45,5.7297
22.748,30.73,5.6707
22.269,31.141,5.6227
21.821,31.585,5.576
21.355,32.01,5.5217
20.821,32.334,5.4506
20.207,32.393,5.357
19.647,32.132,5.2606
19.167,31.729,5.1701
18.722,31.289,5.0809
18.264,30.863,4.9864
17.744,30.524,4.8808
17.139,30.426,4.7648
16.566,30.659,4.6633
16.079,31.053,4.5797
15.632,31.493,4.5015
15.176,31.923,4.4175
14.665,32.279,4.3159
14.072,32.414,4.1884
13.491,32.214,4.0541
13,31.837,3.9338
12.554,31.403,3.82
12.107,30.972,3.7038
11.611,30.599,3.5749
11.034,30.417,3.4284
10.444,30.566,3.283
9.9388,30.923,3.1602
9.4878,31.353,3.0486
9.0437,31.788,2.935
8.5616,32.177,2.8063
59.556,28.14,3.1995
59.098,27.715,3.2984
58.579,27.378,3.4114
57.979,27.291,3.5505
57.41,27.516,3.6933
56.928,27.903,3.8208
56.484,28.339,3.9395
56.034,28.767,4.0571
55.529,29.127,4.1811
54.94,29.273,4.3113
54.352,29.083,4.4236
53.853,28.707,4.5053
53.401,28.268,4.5705
52.949,27.831,4.6312
52.444,27.455,4.7006
51.854,27.277,4.7925
51.26,27.434,4.9026
50.757,27.802,5.0076
50.306,28.234,5.1054
49.859,28.671,5.1998
49.367,29.057,5.2952
48.784,29.261,5.3911
48.179,29.145,5.4698
47.66,28.786,5.5195
47.202,28.352,5.5524
46.75,27.91,5.5795
46.261,27.512,5.6098
45.677,27.286,5.6588
45.07,27.391,5.7311
44.544,27.735,5.8092
44.086,28.163,5.8832
43.641,28.608,5.9534
43.159,29.009,6.0206
42.584,29.259,6.0827
41.971,29.175,6.1245
41.439,28.839,6.1412
40.974,28.41,6.1431
40.526,27.964,6.1384
40.041,27.558,6.1342
39.471,27.296,6.1411
38.853,27.36,6.1723
38.321,27.692,6.2178
37.857,28.12,6.2644
37.411,28.566,6.3078
36.927,28.973,6.3453
36.361,29.24,6.3715
35.741,29.201,6.3756
35.202,28.877,6.3574
34.735,28.451,6.3282
34.286,28.007,6.2936
33.809,27.592,6.2568
33.249,27.314,6.2258
32.627,27.339,6.2147
32.082,27.654,6.2253
31.615,28.077,6.2424
31.164,28.523,6.2576
30.689,28.941,6.2656
30.131,29.232,6.2574
29.512,29.216,6.2234
28.962,28.911,6.1718
28.493,28.491,6.1141
28.046,28.047,6.0523
27.577,27.63,5.9871
27.027,27.326,5.9206
26.41,27.323,5.8685
25.853,27.613,5.8403
25.378,28.032,5.8246
24.927,28.479,5.8087
24.459,28.899,5.7847
23.916,29.213,5.7415
23.299,29.235,5.6693
22.744,28.958,5.5842
22.268,28.548,5.4982
21.82,28.104,5.4105
21.359,27.684,5.3192
20.833,27.358,5.2219
20.221,27.298,5.1269
19.654,27.554,5.0561
19.17,27.959,5.0036
18.722,28.402,4.9548
18.259,28.831,4.8983
17.736,29.171,4.8222
17.13,29.261,4.715
16.56,29.026,4.5961
16.077,28.635,4.4837
15.633,28.198,4.3742
15.181,27.771,4.2612
14.674,27.415,4.1387
14.082,27.277,4.0078
13.496,27.474,3.8925
13.001,27.853,3.8016
12.551,28.29,3.7193
12.1,28.724,3.6325
11.599,29.098,3.5273
11.018,29.274,3.392
10.431,29.118,3.2406
9.9303,28.76,3.1019
9.4824,28.332,2.972
9.0406,27.899,2.8411
8.5606,27.513,2.6992
59.56,25.263,3.0707
59.107,25.684,3.2027
58.595,26.022,3.3427
57.998,26.118,3.4876
57.422,25.899,3.607
56.933,25.509,3.6921
56.485,25.068,3.7604
56.029,24.636,3.826
55.516,24.274,3.9031
54.921,24.135,4.0088
54.337,24.332,4.1353
53.845,24.707,4.2561
53.399,25.141,4.3709
52.952,25.573,4.4836
52.454,25.947,4.5987
51.87,26.132,4.712
51.272,25.977,4.7995
50.762,25.609,4.8522
50.305,25.173,4.8862
49.854,24.731,4.9143
49.355,24.343,4.9492
48.767,24.142,5.0098
48.167,24.268,5.1005
47.654,24.627,5.1999
47.201,25.056,5.296
46.754,25.494,5.3892
46.27,25.888,5.4798
45.691,26.115,5.5632
45.08,26.023,5.619
44.552,25.675,5.6396
44.092,25.242,5.6414
43.641,24.798,5.6365
43.156,24.395,5.6342
42.579,24.147,5.6515
41.965,24.235,5.7047
41.436,24.569,5.776
40.974,24.994,5.8494
40.53,25.438,5.9201
40.05,25.844,5.9851
39.484,26.11,6.0372
38.865,26.05,6.0572
38.329,25.722,6.0446
37.863,25.295,6.0156
37.416,24.85,5.9797
36.934,24.44,5.9444
36.371,24.167,5.9218
35.751,24.203,5.9319
35.214,24.522,5.9704
34.749,24.945,6.0165
34.302,25.395,6.0615
33.821,25.807,6.0983
33.262,26.088,6.1171
32.641,26.074,6.1029
32.095,25.763,6.0584
31.628,25.344,6.0017
31.18,24.899,5.9393
30.71,24.481,5.8751
30.157,24.184,5.8173
29.539,24.182,5.7863
28.983,24.48,5.7887
28.51,24.899,5.8049
28.061,25.345,5.821
27.591,25.766,5.8288
27.041,26.076,5.8157
26.424,26.088,5.7659
25.868,25.805,5.6909
25.395,25.392,5.6082
24.949,24.95,5.5218
24.488,24.53,5.433
23.954,24.208,5.3437
23.338,24.165,5.2713
22.772,24.428,5.2323
22.29,24.838,5.2132
21.841,25.283,5.1968
21.376,25.71,5.1719
20.845,26.044,5.1256
20.231,26.11,5.0413
19.667,25.862,4.9362
19.187,25.464,4.8292
18.743,25.026,4.7223
18.288,24.601,4.612
17.777,24.253,4.4969
17.174,24.143,4.3846
16.592,24.359,4.3007
16.1,24.75,4.2425
15.65,25.192,4.1915
15.193,25.625,4.134
14.683,25.989,4.0567
14.089,26.13,3.9441
13.505,25.939,3.8104
13.013,25.566,3.6833
12.567,25.134,3.5611
12.122,24.703,3.4378
11.63,24.326,3.3061
11.055,24.135,3.1651
10.458,24.276,3.0355
9.9484,24.632,2.9332
9.4946,25.063,2.843
9.0483,25.501,2.7498
8.5642,25.892,2.6395
59.553,21.855,2.8616
59.092,21.427,2.933
58.568,21.09,3.0196
57.964,21.01,3.1397
57.395,21.242,3.2762
56.916,21.631,3.4071
56.474,22.066,3.5332
56.024,22.492,3.6588
55.519,22.849,3.7878
54.927,22.987,3.9124
54.337,22.791,4.0038
53.838,22.41,4.0569
53.385,21.969,4.0911
52.93,21.531,4.1207
52.42,21.158,4.1612
51.826,20.991,4.2336
51.236,21.166,4.3418
50.737,21.537,4.4574
50.288,21.968,4.5706
49.843,22.403,4.6816
49.35,22.784,4.7909
48.766,22.984,4.8899
48.163,22.854,4.9521
47.645,22.489,4.9729
47.187,22.054,4.9738
46.735,21.611,4.968
46.242,21.218,4.9683
45.652,21.005,4.9979
45.047,21.116,5.0698
44.53,21.469,5.1639
44.076,21.898,5.2599
43.63,22.337,5.3536
43.148,22.734,5.4419
42.574,22.976,5.5146
41.957,22.886,5.5459
41.426,22.548,5.5365
40.962,22.119,5.5066
40.516,21.673,5.4691
40.032,21.268,5.4348
39.461,21.009,5.4215
38.844,21.083,5.4555
38.313,21.415,5.5211
37.851,21.84,5.5947
37.406,22.283,5.6667
36.925,22.69,5.7307
36.362,22.961,5.7744
35.741,22.918,5.7745
35.206,22.595,5.7343
34.742,22.172,5.6769
34.295,21.724,5.6121
33.816,21.314,5.5488
33.257,21.034,5.4999
32.637,21.051,5.4908
32.091,21.365,5.5236
31.624,21.784,5.5699
31.175,22.23,5.6161
30.702,22.648,5.6536
30.145,22.941,5.6673
29.526,22.939,5.637
28.975,22.638,5.569
28.507,22.222,5.4876
28.062,21.78,5.4008
27.597,21.363,5.313
27.053,21.052,5.2317
26.435,21.033,5.1832
25.874,21.315,5.1774
25.396,21.73,5.1924
24.946,22.177,5.2091
24.479,22.6,5.2166
23.939,22.921,5.1999
23.321,22.956,5.1375
22.763,22.689,5.0437
22.287,22.284,4.9406
21.845,21.845,4.8349
21.386,21.422,4.7268
20.865,21.087,4.6192
20.252,21.011,4.5293
19.679,21.253,4.4802
19.191,21.656,4.4573
18.741,22.1,4.4399
18.279,22.532,4.4143
17.757,22.879,4.3658
17.149,22.979,4.2746
16.576,22.754,4.1552
16.092,22.366,4.0339
15.649,21.932,3.9138
15.199,21.504,3.792
14.697,21.143,3.6662
14.106,20.994,3.544
13.513,21.181,3.4513
13.013,21.558,3.389
12.56,21.998,3.3363
12.107,22.434,3.2782
11.605,22.812,3.1997
11.021,22.99,3.0844
10.431,22.835,2.9412
9.9306,22.477,2.8024
9.4832,22.05,2.6695
9.0418,21.617,2.5359
8.5621,21.23,2.394
59.56,18.979,2.6306
59.107,19.401,2.762
58.594,19.739,2.8978
57.993,19.833,3.0279
57.414,19.611,3.1204
56.924,19.217,3.1734
56.473,18.774,3.2084
56.015,18.341,3.2405
55.497,17.98,3.2857
54.897,17.857,3.369
54.314,18.062,3.4879
53.826,18.442,3.6128
53.382,18.875,3.7369
52.935,19.304,3.8599
52.436,19.676,3.9823
51.849,19.848,4.091
51.251,19.681,4.1555
50.741,19.309,4.1761
50.286,18.87,4.1754
49.832,18.429,4.1692
49.329,18.045,4.1723
48.738,17.851,4.2102
48.142,18,4.2992
47.633,18.361,4.4099
47.183,18.79,4.5231
46.739,19.226,4.6347
46.252,19.614,4.741
45.673,19.842,4.8301
45.066,19.732,4.8684
44.541,19.379,4.8589
44.08,18.948,4.8271
43.631,18.504,4.7878
43.143,18.106,4.7543
42.562,17.865,4.75
41.951,17.953,4.802
41.429,18.294,4.8907
40.971,18.719,4.9877
40.527,19.159,5.0835
40.048,19.562,5.1718
39.481,19.821,5.2372
38.861,19.768,5.2512
38.328,19.439,5.214
37.863,19.013,5.1547
37.417,18.571,5.0882
36.939,18.159,5.0237
36.378,17.887,4.982
35.755,17.918,4.9933
35.216,18.235,5.0531
34.751,18.657,5.128
34.305,19.099,5.2025
33.832,19.516,5.2686
33.278,19.805,5.309
32.657,19.793,5.2959
32.108,19.49,5.2339
31.642,19.074,5.1522
31.197,18.632,5.0632
30.729,18.214,4.9744
30.184,17.906,4.8993
29.567,17.895,4.8714
29.004,18.179,4.8954
28.528,18.589,4.9412
28.083,19.037,4.9909
27.617,19.461,5.031
27.072,19.783,5.0453
26.457,19.814,5.0062
25.897,19.542,4.9218
25.42,19.139,4.8211
24.978,18.697,4.7147
24.521,18.276,4.6078
23.995,17.941,4.5067
23.383,17.868,4.4381
22.811,18.119,4.4223
22.322,18.522,4.4345
21.871,18.97,4.4524
21.409,19.4,4.4614
20.883,19.741,4.4454
20.27,19.838,4.381
19.702,19.603,4.2748
19.22,19.211,4.157
18.779,18.773,4.0373
18.328,18.347,3.9161
17.82,17.995,3.7961
17.219,17.854,3.6904
16.63,18.051,3.6297
16.132,18.437,3.6031
15.679,18.878,3.5856
15.224,19.316,3.5623
14.715,19.688,3.5176
14.119,19.84,3.4297
13.528,19.67,3.3064
13.034,19.302,3.1787
12.588,18.871,3.0527
12.144,18.439,2.9263
11.655,18.057,2.7962
11.08,17.858,2.667
10.476,17.982,2.5611
9.9607,18.337,2.4888
9.5037,18.771,2.4294
9.055,19.211,2.3658
8.5684,19.606,2.2834
59.551,15.569,2.3035
59.087,15.14,2.3397
58.558,14.803,2.3917
57.948,14.73,2.4837
57.379,14.969,2.605
56.901,15.362,2.7308
56.46,15.797,2.8566
56.009,16.222,2.9829
55.5,16.576,3.1092
54.902,16.698,3.2183
54.311,16.494,3.2801
53.815,16.105,3.2977
53.362,15.663,3.2962
52.905,15.227,3.2912
52.389,14.856,3.2988
51.789,14.713,3.3491
51.201,14.903,3.4498
50.707,15.279,3.5696
50.262,15.712,3.6925
49.816,16.143,3.8144
49.32,16.52,3.932
48.733,16.705,4.0265
48.131,16.551,4.0636
47.616,16.182,4.051
47.161,15.745,4.0161
46.709,15.304,3.9753
46.211,14.917,3.9436
45.619,14.71,3.95
45.019,14.848,4.0211
44.507,15.206,4.1272
44.056,15.634,4.241
43.612,16.071,4.3541
43.128,16.461,4.4592
42.549,16.697,4.5388
41.938,16.597,4.5545
41.414,16.25,4.5151
40.953,15.821,4.4523
40.506,15.379,4.3821
40.022,14.977,4.3178
39.447,14.729,4.2851
38.83,14.802,4.319
38.305,15.138,4.4038
37.845,15.562,4.503
37.402,16.001,4.6019
36.924,16.409,4.6919
36.362,16.673,4.7516
35.739,16.633,4.749
35.203,16.311,4.6872
34.739,15.889,4.6016
34.295,15.448,4.5088
33.823,15.035,4.4183
33.27,14.748,4.3509
32.651,14.764,4.3456
32.101,15.071,4.401
31.632,15.484,4.4769
31.189,15.931,4.5566
30.719,16.35,4.6259
30.169,16.656,4.6662
29.554,16.662,4.6429
28.998,16.37,4.5624
28.528,15.961,4.4605
28.087,15.521,4.3512
27.625,15.103,4.2432
27.087,14.783,4.1485
26.473,14.735,4.1031
25.908,15.008,4.1228
25.428,15.418,4.1707
24.981,15.865,4.2233
24.516,16.289,4.2655
23.977,16.618,4.2798
23.361,16.688,4.2376
22.799,16.433,4.1411
22.321,16.031,4.0253
21.881,15.589,3.9043
21.428,15.166,3.7839
20.911,14.827,3.6708
20.3,14.721,3.5882
19.719,14.942,3.5635
19.226,15.341,3.5744
18.775,15.783,3.5924
18.315,16.219,3.6031
17.798,16.577,3.5893
17.189,16.696,3.5235
16.608,16.492,3.4124
16.12,16.11,3.2883
15.677,15.676,3.1631
15.229,15.247,3.0379
14.732,14.878,2.9144
14.141,14.714,2.806
13.541,14.881,2.7398
13.035,15.255,2.7108
12.579,15.695,2.6929
12.126,16.135,2.6697
11.623,16.519,2.6261
11.037,16.705,2.5404
10.442,16.557,2.4137
9.938,16.2,2.2815
9.4895,15.773,2.1526
9.0474,15.339,2.0244
8.5664,14.95,1.893
59.559,12.698,1.9804
59.104,13.121,2.1028
58.587,13.459,2.2254
57.98,13.549,2.3306
57.399,13.319,2.3877
56.91,12.92,2.4033
56.459,12.477,2.4013
55.998,12.043,2.3964
55.476,11.687,2.4057
54.871,11.576,2.4608
54.289,11.795,2.5661
53.803,12.179,2.688
53.361,12.613,2.8134
52.913,13.041,2.9382
52.409,13.407,3.0587
51.816,13.565,3.1534
51.22,13.38,3.1871
50.714,13.001,3.1722
50.261,12.562,3.1357
49.807,12.123,3.094
49.299,11.745,3.0637
48.703,11.567,3.0768
48.11,11.733,3.1584
47.606,12.102,3.2739
47.159,12.531,3.3966
46.715,12.965,3.519
46.226,13.348,3.6332
45.64,13.561,3.7189
45.035,13.436,3.7342
44.516,13.075,3.6913
44.059,12.644,3.6249
43.611,12.203,3.5514
43.123,11.809,3.486
42.537,11.579,3.4592
41.928,11.68,3.5085
41.411,12.026,3.6102
40.956,12.451,3.726
40.514,12.888,3.8424
40.036,13.287,3.9495
39.467,13.54,4.0243
38.848,13.479,4.0278
38.319,13.148,3.9647
37.857,12.724,3.8751
37.413,12.284,3.7779
36.937,11.875,3.6848
36.378,11.604,3.6234
35.755,11.635,3.6347
35.218,11.952,3.714
34.754,12.371,3.816
34.311,12.81,3.9197
33.841,13.225,4.0144
33.291,13.518,4.077
32.67,13.512,4.0672
32.119,13.215,3.9895
31.655,12.803,3.8839
31.212,12.364,3.7694
30.749,11.946,3.657
30.21,11.632,3.5654
29.594,11.605,3.5403
29.028,11.881,3.5884
28.551,12.285,3.667
28.108,12.729,3.7523
27.646,13.154,3.828
27.108,13.486,3.8749
26.494,13.543,3.8541
25.93,13.282,3.765
25.452,12.883,3.6494
25.011,12.445,3.5257
24.558,12.023,3.403
24.038,11.679,3.2924
23.43,11.575,3.2287
22.851,11.809,3.2398
22.359,12.207,3.2886
21.91,12.653,3.3454
21.451,13.084,3.393
20.931,13.435,3.414
20.319,13.56,3.3783
19.742,13.347,3.2803
19.255,12.96,3.1583
18.812,12.522,3.0306
18.364,12.092,2.9038
17.865,11.734,2.7852
17.266,11.572,2.6929
16.669,11.744,2.6602
16.165,12.124,2.6702
15.71,12.564,2.6905
15.256,13.004,2.7052
14.752,13.384,2.6986
14.157,13.558,2.6442
13.558,13.404,2.5393
13.058,13.04,2.4181
12.61,12.61,2.2952
12.166,12.177,2.1732
11.68,11.789,2.0523
11.105,11.576,1.9429
10.494,11.691,1.8696
9.9729,12.044,1.834
9.5131,12.478,1.8109
9.0625,12.921,1.7834
8.5737,13.32,1.7376
59.55,9.2845,1.533
59.084,8.8539,1.5241
58.552,8.5168,1.5306
57.937,8.4492,1.5854
57.366,8.695,1.6877
56.888,9.0913,1.8073
56.446,9.5279,1.9311
55.993,9.9525,2.0548
55.479,10.303,2.1732
54.876,10.416,2.2597
54.286,10.194,2.2827
53.792,9.8017,2.2585
53.341,9.3584,2.2138
52.883,8.9241,2.1649
52.363,8.5613,2.1301
51.758,8.4283,2.1487
51.174,8.637,2.2419
50.683,9.0181,2.3669
50.24,9.4505,2.499
49.793,9.8803,2.6295
49.292,10.251,2.7499
48.699,10.425,2.833
48.102,10.253,2.8376
47.592,9.8767,2.7855
47.139,9.4405,2.7101
46.689,9.0023,2.6284
46.189,8.6216,2.5585
45.592,8.4259,2.5371
44.995,8.5766,2.6046
44.488,8.9399,2.7224
44.04,9.3673,2.8523
43.597,9.8019,2.9817
43.111,10.189,3.0991
42.529,10.417,3.1794
41.919,10.306,3.1747
41.399,9.9546,3.1034
40.942,9.5265,3.0063
40.498,9.0875,2.9016
40.015,8.6896,2.8049
39.44,8.4423,2.7483
38.824,8.522,2.7817
38.301,8.8583,2.8833
37.844,9.2803,3.0052
37.403,9.7177,3.1283
36.927,10.123,3.2403
36.365,10.391,3.315
35.745,10.353,3.3075
35.209,10.032,3.2234
34.747,9.6132,3.1103
34.306,9.1754,2.9887
33.837,8.7639,2.871
33.287,8.4759,2.7848
32.663,8.4767,2.7777
32.116,8.7785,2.8547
31.652,9.191,2.9613
31.208,9.6316,3.0728
30.743,10.051,3.1747
30.198,10.363,3.2433
29.581,10.39,3.2332
29.022,10.107,3.1425
28.554,9.7009,3.0207
28.113,9.2642,2.8896
27.657,8.8443,2.7607
27.127,8.513,2.6517
26.513,8.4511,2.612
25.938,8.7017,2.6566
25.453,9.0998,2.7406
25.01,9.5437,2.8342
24.553,9.9729,2.9186
24.026,10.32,2.974
23.413,10.409,2.9586
22.839,10.175,2.8668
22.354,9.7843,2.7426
21.912,9.3476,2.6093
21.464,8.9212,2.4774
20.957,8.5662,2.3585
20.351,8.4274,2.2853
19.763,8.6337,2.2944
19.264,9.0218,2.3479
18.815,9.4635,2.4111
18.359,9.9003,2.4669
17.846,10.266,2.4969
17.239,10.421,2.4708
16.65,10.236,2.3778
16.156,9.8587,2.2573
15.714,9.4233,2.1309
15.27,8.989,2.0053
14.771,8.6185,1.8876
14.183,8.4258,1.7967
13.576,8.5773,1.7676
13.065,8.9458,1.782
12.607,9.384,1.8073
12.154,9.8255,1.8266
11.654,10.217,1.8258
11.067,10.417,1.78
10.462,10.285,1.682
9.9523,9.9296,1.5669
9.5006,9.5005,1.4512
9.056,9.0641,1.3374
8.5725,8.6702,1.2263
9.3957,9.4543,1.4315
8.9558,9.9114,1.4282
8.5847,10.422,1.4338
8.4324,11.028,1.4771
8.612,11.62,1.5695
8.9882,12.115,1.6845
9.4237,12.559,1.8052
9.8587,13.003,1.9268
10.231,13.503,2.0452
10.416,14.091,2.1432
10.272,14.698,2.1859
9.9029,15.21,2.1738
9.4654,15.668,2.1376
9.024,16.12,2.0934
8.6335,16.62,2.0575
8.4354,17.21,2.0651
8.5652,17.816,2.1438
8.9219,18.324,2.2647
9.3489,18.774,2.3959
9.7831,19.216,2.5272
10.176,19.698,2.652
10.406,20.272,2.7484
10.318,20.887,2.7778
9.9704,21.415,2.7392
9.5404,21.875,2.6715
9.0985,22.323,2.5943
8.6955,22.806,2.5229
8.4469,23.383,2.4912
8.5184,23.997,2.5413
8.8518,24.525,2.6536
9.2726,24.98,2.783
9.7089,25.421,2.9138
10.114,25.891,3.0363
10.39,26.451,3.1295
10.355,27.072,3.1476
10.04,27.614,3.0902
9.6185,28.079,2.999
9.178,28.524,2.8977
8.764,28.993,2.7998
8.4694,29.545,2.7331
8.4824,30.169,2.7509
8.7783,30.715,2.844
9.1918,31.181,2.9658
9.6293,31.622,3.091
10.046,32.085,3.2084
10.36,32.623,3.2975
10.387,33.245,3.3106
10.109,33.804,3.2415
9.7013,34.278,3.1344
9.2628,34.72,3.0154
8.8419,35.18,2.898
8.5123,35.708,2.8029
8.4448,36.326,2.7793
8.7045,36.895,2.8471
9.1013,37.371,2.9519
9.5416,37.816,3.0661
9.9695,38.274,3.1735
10.311,38.799,3.2536
10.414,39.412,3.2666
10.178,39.991,3.1898
9.7862,40.471,3.0732
9.3511,40.914,2.9439
8.9227,41.365,2.8141
8.5644,41.877,2.6998
8.4275,42.478,2.6423
8.6326,43.071,2.6773
9.0186,43.564,2.7618
9.4559,44.013,2.8575
9.8904,44.466,2.9478
10.264,44.975,3.0153
10.417,45.577,3.02
10.24,46.171,2.9428
9.8693,46.673,2.8234
9.4374,47.118,2.6914
9.0028,47.56,2.5581
8.6238,48.051,2.4348
8.4267,48.641,2.3501
8.5747,49.244,2.3481
8.9396,49.761,2.4001
9.3767,50.218,2.4674
9.8192,50.669,2.5307
10.205,51.163,2.5722
10.419,51.755,2.564
10.292,52.358,2.483
9.9384,52.869,2.3646
9.5099,53.318,2.2373
9.0724,53.758,2.1095
8.6828,54.242,1.988
8.4467,54.816,1.89
8.5259,55.433,1.8495
8.8689,55.961,1.8634
9.3009,56.425,1.8936
9.7454,56.875,1.9205
10.153,57.361,1.9306
10.407,57.932,1.9007
10.335,58.547,1.813
10.006,59.073,1.6994
9.5832,59.531,1.5824
9.1449,59.974,1.4671
8.7372,60.446,1.3545
12.587,9.4457,1.8152
13.019,9.8926,1.9366
13.388,10.389,2.0597
13.558,10.981,2.1752
13.401,11.58,2.2495
13.027,12.088,2.2774
12.589,12.544,2.283
12.148,12.998,2.2819
11.762,13.499,2.2893
11.575,14.091,2.334
11.717,14.694,2.4305
12.077,15.198,2.5502
12.505,15.647,2.675
12.939,16.09,2.8
13.331,16.575,2.9231
13.555,17.147,3.0291
13.45,17.761,3.0838
13.102,18.286,3.0828
12.668,18.747,3.0546
12.225,19.197,3.0181
11.823,19.687,2.9877
11.579,20.262,2.9915
11.669,20.872,3.0624
12.006,21.397,3.1748
12.428,21.852,3.2977
12.865,22.293,3.4215
13.266,22.767,3.5399
13.538,23.327,3.6383
13.494,23.941,3.6754
13.17,24.485,3.6472
12.747,24.951,3.5885
12.304,25.398,3.5193
11.892,25.872,3.4542
11.608,26.436,3.4182
11.626,27.052,3.4519
11.936,27.593,3.548
12.35,28.057,3.6637
12.788,28.498,3.782
13.203,28.962,3.8942
13.505,29.509,3.9823
13.524,30.131,4.0082
13.237,30.685,3.96
12.822,31.158,3.877
12.381,31.602,3.7835
11.959,32.066,3.691
11.639,32.602,3.6212
11.602,33.226,3.6194
11.869,33.787,3.6899
12.275,34.263,3.7918
12.714,34.706,3.8984
13.138,35.166,3.9986
13.474,35.692,4.0749
13.544,36.309,4.0869
13.295,36.883,4.0235
12.899,37.366,3.9243
12.46,37.808,3.8126
12.033,38.262,3.7008
11.684,38.779,3.6039
11.576,39.387,3.5624
11.804,39.973,3.6024
12.193,40.461,3.681
12.633,40.908,3.7693
13.067,41.364,3.8516
13.428,41.882,3.9107
13.563,42.486,3.9121
13.355,43.073,3.8364
12.973,43.564,3.7256
12.539,44.008,3.6039
12.108,44.456,3.481
11.739,44.96,3.3674
11.567,45.554,3.2921
11.739,46.151,3.2931
12.118,46.658,3.3421
12.557,47.111,3.4032
12.997,47.562,3.4591
13.375,48.066,3.493
13.562,48.665,3.4759
13.412,49.26,3.3913
13.046,49.765,3.2725
12.614,50.212,3.1458
12.178,50.653,3.0182
11.799,51.14,2.8971
11.581,51.723,2.7975
11.686,52.331,2.7556
12.04,52.854,2.765
12.474,53.314,2.7902
12.917,53.765,2.812
13.318,54.255,2.8165
13.549,54.835,2.7776
13.459,55.446,2.6824
13.121,55.963,2.5621
12.697,56.418,2.438
12.261,56.859,2.3146
11.858,57.333,2.1924
11.595,57.89,2.0798
11.644,58.508,2.0017
11.966,59.048,1.9674
12.392,59.515,1.951
12.838,59.965,1.9334
13.251,60.443,1.9011
15.681,9.4524,2.1334
15.243,9.9076,2.1763
14.871,10.415,2.229
14.718,11.014,2.3155
14.887,11.604,2.434
15.257,12.1,2.5597
15.688,12.547,2.685
16.12,12.991,2.8106
16.501,13.48,2.9374
16.7,14.06,3.056
16.57,14.668,3.1352
16.211,15.184,3.1657
15.773,15.642,3.1719
15.331,16.094,3.1714
14.935,16.59,3.1786
14.715,17.171,3.2197
14.833,17.778,3.3145
15.178,18.293,3.4335
15.603,18.745,3.5572
16.039,19.187,3.6808
16.437,19.666,3.8018
16.69,20.228,3.9082
16.617,20.841,3.9655
16.283,21.379,3.9677
15.855,21.844,3.9414
15.41,22.293,3.9056
15.002,22.775,3.8748
14.732,23.345,3.8727
14.785,23.956,3.9322
15.109,24.491,4.0359
15.527,24.951,4.1505
15.966,25.393,4.2659
16.374,25.862,4.3758
16.664,26.417,4.4676
16.654,27.033,4.5056
16.347,27.582,4.4802
15.928,28.053,4.425
15.484,28.5,4.3594
15.066,28.97,4.2957
14.766,29.523,4.256
14.752,30.144,4.2763
15.045,30.693,4.3562
15.458,31.163,4.4566
15.898,31.607,4.5588
16.319,32.07,4.6547
16.635,32.608,4.7286
16.673,33.232,4.7465
16.402,33.794,4.6995
15.991,34.27,4.6206
15.551,34.715,4.5316
15.126,35.177,4.4424
14.795,35.707,4.3699
14.735,36.325,4.3525
14.988,36.897,4.4007
15.384,37.378,4.477
15.83,37.824,4.5605
16.26,38.284,4.6369
16.605,38.812,4.6903
16.695,39.423,4.6883
16.451,40.001,4.6203
16.059,40.484,4.524
15.619,40.928,4.4174
15.191,41.382,4.3101
14.839,41.9,4.2129
14.712,42.505,4.156
14.93,43.092,4.1682
15.322,43.586,4.2171
15.767,44.034,4.2744
16.202,44.49,4.3248
16.563,45.01,4.3522
16.701,45.617,4.3283
16.507,46.202,4.2444
16.123,46.696,4.1328
15.685,47.139,4.014
15.252,47.584,3.8944
14.888,48.085,3.7806
14.716,48.682,3.6916
14.873,49.28,3.6596
15.25,49.791,3.6713
15.689,50.246,3.6944
16.13,50.7,3.7129
16.514,51.2,3.7116
16.7,51.796,3.6629
16.556,52.394,3.5616
16.196,52.899,3.4394
15.767,53.347,3.3142
15.334,53.791,3.1887
14.944,54.273,3.0642
14.721,54.847,2.9513
14.823,55.46,2.8785
15.171,55.983,2.8492
15.605,56.445,2.8357
16.048,56.896,2.8198
16.451,57.384,2.7874
16.694,57.955,2.717
16.607,58.563,2.5992
16.278,59.085,2.4691
15.857,59.54,2.3409
15.421,59.981,2.2142
15.017,60.451,2.0859
18.867,9.4429,2.4111
19.3,9.8906,2.5438
19.667,10.382,2.6802
19.84,10.968,2.8191
19.693,11.563,2.929
19.326,12.071,2.9956
18.889,12.527,3.0395
18.448,12.979,3.0766
18.058,13.476,3.1214
17.857,14.06,3.1981
17.986,14.663,3.3138
18.336,15.171,3.4397
18.763,15.622,3.565
19.198,16.064,3.6892
19.593,16.544,3.8137
19.835,17.108,3.9315
19.749,17.72,4.0143
19.413,18.252,4.0493
18.983,18.716,4.0573
18.538,19.166,4.0563
18.131,19.651,4.0604
17.87,20.219,4.0916
17.934,20.83,4.1738
18.26,21.361,4.2848
18.679,21.82,4.3999
19.118,22.262,4.5141
19.525,22.733,4.6247
19.81,23.286,4.724
19.792,23.9,4.7823
19.48,24.45,4.7872
19.06,24.922,4.7638
18.614,25.37,4.7296
18.197,25.843,4.6975
17.9,26.401,4.6876
17.898,27.017,4.7291
18.197,27.564,4.8158
18.61,28.033,4.9148
19.05,28.476,5.014
19.469,28.941,5.1079
19.78,29.485,5.1853
19.816,30.104,5.2193
19.535,30.663,5.1963
19.121,31.141,5.1443
18.678,31.588,5.0823
18.252,32.053,5.0197
17.928,32.589,4.9732
17.88,33.212,4.9753
18.144,33.777,5.0304
18.552,34.255,5.1073
18.993,34.701,5.186
19.42,35.163,5.2586
19.756,35.692,5.312
19.825,36.31,5.3178
19.578,36.885,5.2695
19.185,37.367,5.1951
18.74,37.813,5.1094
18.309,38.27,5.0223
17.961,38.792,4.9451
17.864,39.401,4.9073
18.096,39.987,4.9263
18.487,40.477,4.9733
18.931,40.926,5.0271
19.366,41.384,5.0747
19.725,41.906,5.1019
19.842,42.513,5.0822
19.624,43.097,5.0089
19.238,43.588,4.9132
18.8,44.034,4.8101
18.369,44.484,4.7049
18.003,44.992,4.6037
17.851,45.59,4.5281
18.043,46.182,4.5068
18.426,46.687,4.5203
18.868,47.141,4.5432
19.307,47.596,4.5603
19.679,48.105,4.5571
19.849,48.706,4.5104
19.676,49.295,4.4147
19.303,49.794,4.3003
18.868,50.241,4.1823
18.433,50.686,4.0629
18.059,51.176,3.9446
17.859,51.763,3.8365
17.985,52.366,3.7695
18.348,52.883,3.7431
18.784,53.341,3.7301
19.226,53.793,3.7137
19.62,54.285,3.6801
19.836,54.868,3.6065
19.73,55.472,3.4902
19.386,55.984,3.3631
18.961,56.437,3.237
18.526,56.878,3.1112
18.127,57.353,2.9829
17.875,57.911,2.8544
17.933,58.524,2.7463
18.257,59.058,2.6755
18.683,59.523,2.6223
19.127,59.971,2.5681
19.538,60.447,2.499
21.967,9.4498,2.6375
21.53,9.9022,2.7151
21.16,10.405,2.8031
21,10.998,2.9216
21.16,11.586,3.0606
21.525,12.082,3.1953
21.954,12.529,3.3238
22.387,12.973,3.4506
22.771,13.458,3.5807
22.981,14.032,3.7123
22.867,14.638,3.8203
22.517,15.157,3.8864
22.083,15.616,3.9289
21.64,16.067,3.9637
21.239,16.557,4.0044
21.002,17.13,4.0718
21.098,17.737,4.1785
21.433,18.259,4.2966
21.856,18.715,4.4129
22.294,19.157,4.5266
22.697,19.633,4.6394
22.964,20.19,4.7468
22.917,20.803,4.8255
22.593,21.345,4.8606
22.169,21.813,4.87
21.723,22.262,4.8696
21.31,22.741,4.8719
21.031,23.305,4.8963
21.053,23.918,4.9625
21.367,24.46,5.0577
21.784,24.924,5.1566
22.225,25.368,5.2539
22.639,25.836,5.3471
22.936,26.387,5.4298
22.945,27.005,5.4796
22.648,27.56,5.4831
22.229,28.034,5.4609
21.784,28.483,5.429
21.362,28.952,5.397
21.051,29.5,5.3807
21.035,30.122,5.4077
21.314,30.679,5.4717
21.724,31.157,5.548
22.17,31.599,5.6246
22.595,32.063,5.6954
22.917,32.599,5.7507
22.957,33.221,5.7678
22.689,33.786,5.7406
22.283,34.27,5.6903
21.838,34.715,5.6304
21.41,35.178,5.5692
21.077,35.709,5.518
21.014,36.326,5.5027
21.273,36.898,5.5326
21.673,37.379,5.5807
22.12,37.829,5.632
22.551,38.293,5.6767
22.892,38.824,5.7032
22.977,39.436,5.6902
22.727,40.013,5.6328
22.33,40.495,5.5573
21.888,40.941,5.4743
21.459,41.4,5.3893
21.111,41.923,5.3085
20.998,42.529,5.253
21.227,43.113,5.2441
21.624,43.605,5.2612
22.07,44.055,5.2835
22.503,44.514,5.2989
22.859,45.038,5.2942
22.984,45.646,5.2496
22.774,46.226,5.1651
22.385,46.719,5.0659
21.945,47.163,4.963
21.513,47.612,4.8581
21.153,48.119,4.7532
20.998,48.719,4.6606
21.174,49.311,4.6072
21.557,49.817,4.5862
21.997,50.271,4.5739
22.437,50.726,4.5565
22.813,51.23,4.5203
22.983,51.828,4.4439
22.826,52.42,4.3324
22.459,52.921,4.2132
22.028,53.369,4.0947
21.595,53.814,3.9748
21.211,54.3,3.8514
21.003,54.877,3.729
21.117,55.484,3.6314
21.47,56.002,3.5693
21.904,56.461,3.5208
22.345,56.911,3.4697
22.744,57.399,3.4023
22.978,57.968,3.3006
22.887,58.572,3.1638
22.557,59.091,3.0264
22.136,59.545,2.8953
21.701,59.985,2.7651
21.298,60.454,2.6291
25.151,9.4432,2.8155
25.581,9.8881,2.9496
25.95,10.38,3.0907
26.123,10.962,3.2422
25.981,11.554,3.3769
25.619,12.061,3.4751
25.184,12.515,3.5519
24.745,12.965,3.6226
24.354,13.456,3.7004
24.139,14.033,3.8035
24.257,14.635,3.9324
24.6,15.147,4.0582
25.026,15.601,4.1768
25.462,16.043,4.2921
25.86,16.522,4.4093
26.113,17.082,4.5285
26.045,17.693,4.6309
25.717,18.226,4.697
25.29,18.692,4.7396
24.846,19.14,4.7731
24.435,19.621,4.8099
24.164,20.183,4.8668
24.202,20.795,4.9563
24.52,21.332,5.0595
24.938,21.796,5.1596
25.379,22.239,5.2564
25.791,22.709,5.3511
26.081,23.261,5.4422
26.084,23.874,5.513
25.782,24.429,5.5467
25.363,24.901,5.5569
24.917,25.35,5.5576
24.495,25.821,5.558
24.19,26.374,5.5735
24.177,26.992,5.6222
24.465,27.546,5.6955
24.879,28.018,5.773
25.322,28.464,5.8481
25.744,28.93,5.9188
26.063,29.47,5.9804
26.095,30.09,6.0158
25.825,30.654,6.0161
25.416,31.138,5.9952
24.969,31.584,5.9645
24.541,32.049,5.9321
24.212,32.585,5.9085
24.16,33.204,5.9148
24.425,33.771,5.9531
24.832,34.254,6.0025
25.277,34.701,6.0518
25.705,35.166,6.0955
26.039,35.697,6.1256
26.115,36.315,6.1263
25.859,36.886,6.0923
25.459,37.366,6.0421
25.011,37.814,5.984
24.582,38.278,5.9236
24.242,38.807,5.8672
24.145,39.419,5.8318
24.386,40,5.8325
24.785,40.486,5.8515
25.229,40.937,5.8727
25.664,41.398,5.888
26.016,41.924,5.8868
26.119,42.536,5.8523
25.896,43.118,5.7864
25.501,43.605,5.7087
25.062,44.053,5.6265
24.63,44.508,5.5413
24.271,45.021,5.455
24.144,45.626,5.3809
24.342,46.214,5.3392
24.733,46.713,5.3224
25.176,47.168,5.3113
25.613,47.624,5.2944
25.98,48.134,5.2601
26.124,48.738,5.1903
25.941,49.324,5.0927
25.563,49.822,4.989
25.129,50.27,4.8853
24.695,50.718,4.7789
24.32,51.213,4.6681
24.139,51.802,4.5571
24.288,52.401,4.4707
24.656,52.911,4.4139
25.093,53.366,4.3676
25.533,53.819,4.3174
25.921,54.313,4.251
26.126,54.894,4.151
26.001,55.494,4.0224
25.653,56.003,3.896
25.226,56.455,3.7745
24.791,56.898,3.6531
24.395,57.376,3.5255
24.151,57.935,3.3886
24.224,58.542,3.2589
24.55,59.07,3.1579
24.975,59.532,3.0728
25.416,59.977,2.9875
25.823,60.451,2.8885
28.252,9.4472,2.9433
27.819,9.8966,3.0465
27.449,10.395,3.1605
27.283,10.982,3.3006
27.434,11.569,3.4502
27.796,12.068,3.5849
28.225,12.517,3.7083
28.659,12.961,3.8285
29.046,13.445,3.9536
29.262,14.016,4.0884
29.159,14.621,4.2146
28.815,15.139,4.3084
28.384,15.598,4.3815
27.942,16.046,4.4474
27.54,16.531,4.518
27.291,17.097,4.6081
27.368,17.706,4.7217
27.695,18.233,4.8331
28.118,18.693,4.9359
28.558,19.136,5.0341
28.965,19.612,5.1327
29.241,20.166,5.2338
29.209,20.778,5.3246
28.894,21.323,5.3867
28.473,21.792,5.4277
28.027,22.24,5.46
27.611,22.716,5.4933
27.32,23.273,5.5411
27.326,23.886,5.6131
27.631,24.434,5.6961
28.047,24.903,5.775
28.489,25.349,5.8498
28.908,25.817,5.9217
29.212,26.367,5.9908
29.235,26.984,6.046
28.945,27.541,6.0739
28.528,28.018,6.0832
28.083,28.467,6.0842
27.658,28.936,6.0836
27.342,29.481,6.0914
27.312,30.103,6.1221
27.588,30.662,6.1702
28.002,31.14,6.2215
28.446,31.588,6.2698
28.872,32.055,6.3135
29.197,32.591,6.3488
29.241,33.213,6.3648
28.978,33.781,6.3569
28.572,34.267,6.3346
28.124,34.712,6.3049
27.694,35.176,6.2723
27.361,35.709,6.243
27.299,36.327,6.2313
27.557,36.899,6.2427
27.957,37.382,6.263
28.406,37.833,6.2837
28.838,38.298,6.2985
29.178,38.83,6.3007
29.258,39.442,6.2796
29.006,40.019,6.2359
28.607,40.503,6.1837
28.162,40.95,6.1267
27.732,41.412,6.066
27.387,41.939,6.0036
27.284,42.548,5.9508
27.52,43.129,5.9229
27.92,43.619,5.9106
28.367,44.067,5.9008
28.8,44.527,5.8844
29.15,45.053,5.8517
29.264,45.663,5.7922
29.048,46.242,5.7136
28.655,46.734,5.6315
28.215,47.184,5.5481
27.783,47.637,5.4615
27.422,48.144,5.3695
27.286,48.747,5.2767
27.472,49.336,5.2048
27.858,49.837,5.1547
28.298,50.289,5.111
28.735,50.744,5.0621
29.108,51.248,4.9973
29.269,51.845,4.9019
29.1,52.436,4.7881
28.729,52.935,4.678
28.296,53.384,4.5714
27.862,53.832,4.4626
27.481,54.322,4.3458
27.28,54.9,4.2192
27.41,55.502,4.103
27.764,56.014,4.013
28.196,56.471,3.9346
28.636,56.918,3.8541
29.031,57.405,3.7588
29.263,57.971,3.6348
29.17,58.572,3.4875
28.84,59.09,3.3493
28.419,59.545,3.2213
27.983,59.986,3.0944
27.581,60.455,2.9592
31.434,9.4432,3.0263
31.867,9.8916,3.1552
32.234,10.383,3.2916
32.408,10.966,3.4454
32.264,11.555,3.5921
31.903,12.058,3.71
31.472,12.51,3.8104
31.035,12.957,3.9055
30.645,13.445,4.0075
30.43,14.019,4.1298
30.531,14.621,4.2642
30.873,15.136,4.3839
31.3,15.592,4.4907
31.738,16.036,4.5924
32.14,16.515,4.6972
32.391,17.076,4.8112
32.333,17.688,4.9248
32.007,18.219,5.0136
31.582,18.683,5.0837
31.139,19.13,5.1462
30.726,19.608,5.2105
30.45,20.165,5.2883
30.483,20.779,5.3834
30.793,21.321,5.4752
31.213,21.787,5.5567
31.655,22.233,5.6326
32.071,22.703,5.7074
32.369,23.254,5.7856
32.363,23.868,5.8602
32.068,24.423,5.9163
31.651,24.896,5.9555
31.205,25.344,5.9869
30.785,25.815,6.0172
30.473,26.365,6.0555
30.457,26.98,6.109
30.744,27.537,6.1674
31.157,28.013,6.2209
31.602,28.461,6.2695
32.025,28.929,6.3148
32.344,29.472,6.3577
32.386,30.09,6.3933
32.109,30.651,6.413
31.696,31.132,6.4207
31.251,31.582,6.4216
30.823,32.049,6.4194
30.499,32.587,6.4196
30.442,33.21,6.4305
30.709,33.775,6.4518
31.12,34.257,6.4746
31.564,34.706,6.4943
31.994,35.172,6.5094
32.327,35.705,6.517
32.389,36.324,6.5121
32.137,36.899,6.495
31.74,37.384,6.4711
31.289,37.831,6.4421
30.855,38.293,6.4093
30.513,38.823,6.374
30.436,39.436,6.344
30.682,40.017,6.3269
31.079,40.505,6.3171
31.526,40.954,6.3072
31.959,41.415,6.2916
32.309,41.944,6.2644
32.404,42.553,6.2201
32.167,43.132,6.1655
31.771,43.622,6.1101
31.327,44.071,6.0529
30.896,44.528,5.9913
30.542,45.049,5.9226
30.421,45.654,5.8511
30.64,46.236,5.7933
31.034,46.731,5.7485
31.479,47.182,5.7069
31.913,47.639,5.6598
32.271,48.153,5.5985
32.412,48.758,5.5151
32.216,49.341,5.4228
31.831,49.837,5.3355
31.388,50.285,5.2506
30.952,50.736,5.1619
30.59,51.238,5.0638
30.424,51.833,4.9536
30.584,52.426,4.8521
30.956,52.93,4.7707
31.392,53.382,4.6969
31.829,53.833,4.6194
32.213,54.327,4.528
32.407,54.908,4.4105
32.278,55.508,4.2792
31.926,56.016,4.1601
31.497,56.468,4.0489
31.06,56.912,3.9367
30.666,57.393,3.8145
30.431,57.955,3.6749
30.514,58.558,3.5308
30.842,59.081,3.4087
31.266,59.539,3.3008
31.704,59.982,3.1933
32.109,60.454,3.0738
34.537,9.4454,3.0639
34.105,9.8928,3.1825
33.736,10.388,3.311
33.567,10.971,3.4609
33.713,11.56,3.6114
34.073,12.062,3.7383
34.504,12.513,3.8495
34.94,12.958,3.9563
35.328,13.445,4.0692
35.55,14.015,4.1981
35.441,14.617,4.3317
35.101,15.134,4.444
34.674,15.592,4.5402
34.233,16.037,4.63
33.833,16.519,4.7239
33.582,17.082,4.8311
33.641,17.692,4.9468
33.968,18.22,5.0463
34.392,18.683,5.1313
34.834,19.129,5.2096
35.244,19.605,5.2891
35.518,20.161,5.3784
35.494,20.776,5.4742
35.183,21.319,5.5562
34.762,21.786,5.6231
34.318,22.233,5.6832
33.901,22.705,5.7427
33.604,23.258,5.8101
33.611,23.873,5.8853
33.904,24.428,5.9534
34.318,24.902,6.0096
34.767,25.346,6.0589
35.188,25.814,6.1065
35.5,26.362,6.1579
35.514,26.978,6.2128
35.23,27.538,6.26
34.819,28.017,6.297
34.372,28.463,6.3273
33.947,28.931,6.355
33.626,29.473,6.3846
33.592,30.092,6.4187
33.867,30.654,6.4502
34.278,31.136,6.4753
34.725,31.584,6.4951
35.151,32.052,6.5113
35.479,32.589,6.5255
35.531,33.209,6.5391
35.262,33.775,6.5493
34.853,34.259,6.5546
34.407,34.707,6.5553
33.979,35.174,6.5519
33.646,35.708,6.5452
33.577,36.326,6.5375
33.838,36.897,6.5313
34.242,37.378,6.5245
34.69,37.828,6.5145
35.12,38.295,6.4998
35.458,38.828,6.4784
35.543,39.44,6.4509
35.291,40.018,6.4229
34.889,40.502,6.3961
34.443,40.95,6.3673
34.012,41.413,6.3335
33.668,41.944,6.2918
33.568,42.554,6.2433
33.805,43.133,6.1978
34.205,43.622,6.1577
34.652,44.07,6.1175
35.084,44.528,6.0721
35.434,45.053,6.016
35.548,45.661,5.9479
35.331,46.242,5.8808
34.936,46.735,5.8208
34.494,47.187,5.762
34.06,47.642,5.6987
33.701,48.153,5.6246
33.567,48.758,5.5358
33.759,49.343,5.4501
34.145,49.841,5.3758
34.583,50.291,5.3055
35.019,50.745,5.2309
35.39,51.247,5.1442
35.549,51.843,5.038
35.384,52.435,4.93
35.012,52.936,4.8355
34.576,53.387,4.7469
34.141,53.837,4.655
33.759,54.33,4.5512
33.565,54.91,4.4274
33.696,55.51,4.2993
34.05,56.018,4.1893
34.481,56.472,4.0885
34.918,56.917,3.986
35.312,57.4,3.8713
35.544,57.964,3.734
35.456,58.566,3.5847
35.127,59.086,3.4531
34.705,59.543,3.3348
34.268,59.984,3.2174
33.864,60.455,3.0895
37.719,9.4451,3.0514
38.154,9.8958,3.1657
38.522,10.39,3.2886
38.691,10.976,3.4343
38.543,11.563,3.5832
38.181,12.064,3.7121
37.751,12.514,3.8275
37.316,12.959,3.9393
36.928,13.445,4.0571
36.713,14.017,4.1892
36.814,14.62,4.3211
37.157,15.137,4.427
37.586,15.595,4.5152
38.026,16.041,4.5969
38.429,16.524,4.6828
38.678,17.088,4.7848
38.61,17.698,4.9011
38.284,18.227,5.0064
37.86,18.688,5.0987
37.419,19.133,5.1852
37.009,19.609,5.2726
36.732,20.163,5.3667
36.767,20.776,5.4615
37.077,21.321,5.5376
37.498,21.789,5.5961
37.943,22.236,5.6472
38.358,22.71,5.6983
38.655,23.264,5.7593
38.646,23.876,5.834
38.347,24.429,5.9077
37.931,24.9,5.972
37.486,25.347,6.0306
37.067,25.816,6.087
36.757,26.366,6.1449
36.738,26.98,6.1998
37.027,27.537,6.2404
37.442,28.015,6.2678
37.888,28.463,6.2879
38.311,28.933,6.3057
38.629,29.478,6.3275
38.668,30.097,6.3599
38.389,30.656,6.3973
37.976,31.136,6.4319
37.531,31.585,6.462
37.104,32.052,6.4881
36.781,32.591,6.51
36.725,33.213,6.5249
36.994,33.777,6.5285
37.405,34.26,6.5239
37.85,34.709,6.5139
38.28,35.175,6.5002
38.61,35.709,6.4857
38.675,36.33,6.4765
38.417,36.902,6.4766
38.008,37.385,6.4795
37.564,37.835,6.4802
37.133,38.299,6.4757
36.794,38.831,6.4625
36.723,39.446,6.4366
36.968,40.025,6.4026
37.365,40.512,6.3662
37.812,40.959,6.3269
38.246,41.419,6.283
38.594,41.947,6.2333
38.683,42.556,6.183
38.447,43.137,6.143
38.051,43.628,6.1121
37.606,44.078,6.0822
37.172,44.537,6.047
36.819,45.06,5.9993
36.706,45.667,5.934
36.93,46.246,5.8623
37.323,46.739,5.7937
37.767,47.189,5.7258
38.199,47.644,5.6536
38.555,48.156,5.5724
38.696,48.76,5.4818
38.497,49.344,5.4015
38.11,49.842,5.3359
37.665,50.293,5.275
37.228,50.747,5.2092
36.866,51.251,5.1296
36.706,51.849,5.0263
36.873,52.439,4.9159
37.247,52.938,4.8156
37.681,53.388,4.7201
38.116,53.837,4.6217
38.497,54.329,4.5125
38.689,54.911,4.3865
38.561,55.51,4.2614
38.206,56.019,4.1574
37.774,56.473,4.0634
37.336,56.92,3.9676
36.942,57.404,3.8585
36.713,57.969,3.7242
36.802,58.57,3.5737
37.132,59.089,3.4377
37.554,59.545,3.3137
37.99,59.986,3.1903
38.393,60.455,3.0571
40.819,9.4397,2.987
40.385,9.8868,3.1162
40.023,10.382,3.2531
39.848,10.965,3.4046
39.992,11.555,3.5455
40.355,12.059,3.6552
40.787,12.512,3.7465
41.225,12.96,3.8321
41.615,13.45,3.9251
41.827,14.026,4.0405
41.723,14.628,4.1729
41.379,15.141,4.2952
40.953,15.596,4.4072
40.515,16.039,4.5148
40.115,16.518,4.6253
39.867,17.08,4.7425
39.925,17.692,4.8539
40.252,18.223,4.9354
40.679,18.687,4.9966
41.122,19.135,5.0497
41.534,19.613,5.1051
41.807,20.172,5.1769
41.772,20.787,5.2715
41.46,21.327,5.3685
41.04,21.791,5.4576
40.598,22.236,5.542
40.183,22.706,5.6248
39.887,23.257,5.7086
39.895,23.871,5.7823
40.191,24.427,5.8313
40.609,24.899,5.8603
41.055,25.348,5.8808
41.475,25.819,5.9005
41.786,26.37,5.9302
41.798,26.985,5.982
41.51,27.541,6.0458
41.097,28.016,6.108
40.653,28.463,6.1662
40.23,28.931,6.2206
39.91,29.473,6.2702
39.871,30.091,6.3057
40.149,30.652,6.3179
40.561,31.134,6.315
41.007,31.583,6.3044
41.434,32.05,6.2914
41.758,32.589,6.2833
41.816,33.21,6.2926
41.548,33.774,6.3207
41.138,34.256,6.3535
40.694,34.705,6.3842
40.264,35.17,6.4098
39.933,35.704,6.4255
39.863,36.324,6.4227
40.119,36.896,6.3997
40.526,37.379,6.3661
40.97,37.828,6.3272
41.4,38.29,6.2846
41.741,38.82,6.2417
41.818,39.433,6.2102
41.578,40.015,6.1987
41.182,40.504,6.1982
40.734,40.952,6.1989
40.299,41.413,6.1937
39.949,41.941,6.1748
39.854,42.55,6.1329
40.088,43.13,6.0733
40.483,43.62,6.0092
40.926,44.068,5.9426
41.357,44.524,5.8722
41.712,45.044,5.7967
41.836,45.648,5.7238
41.62,46.231,5.6718
41.226,46.727,5.6368
40.781,47.178,5.606
40.346,47.635,5.5694
39.987,48.15,5.517
39.846,48.755,5.438
40.039,49.339,5.3436
40.423,49.835,5.2503
40.865,50.282,5.1584
41.301,50.731,5.0634
41.664,51.232,4.9609
41.832,51.826,4.8505
41.676,52.421,4.7543
41.304,52.926,4.6813
40.867,53.38,4.6166
40.429,53.831,4.548
40.045,54.325,4.4643
39.85,54.908,4.3515
39.977,55.507,4.2199
40.329,56.014,4.0969
40.758,56.466,3.9807
41.193,56.909,3.8636
41.588,57.389,3.7374
41.825,57.95,3.596
41.745,58.554,3.4538
41.417,59.078,3.3364
40.993,59.537,3.2343
40.554,59.981,3.1326
40.148,60.453,3.0185
44.005,9.4483,2.8744
44.44,9.899,2.9677
44.81,10.399,3.071
44.973,10.989,3.2013
44.818,11.577,3.3447
44.455,12.075,3.4771
44.025,12.523,3.6005
43.592,12.968,3.7217
43.205,13.453,3.8478
42.993,14.025,3.9812
43.103,14.63,4.1008
43.45,15.148,4.1849
43.882,15.607,4.2475
44.324,16.056,4.3029
44.725,16.544,4.3639
44.969,17.113,4.4472
44.883,17.72,4.5596
44.552,18.245,4.6747
44.129,18.703,4.7835
43.689,19.146,4.8886
43.285,19.622,4.9937
43.012,20.177,5.0986
43.05,20.789,5.1867
43.37,21.332,5.2399
43.793,21.801,5.2704
44.239,22.25,5.2916
44.653,22.727,5.3143
44.94,23.287,5.3542
44.926,23.9,5.4246
44.617,24.445,5.5124
44.201,24.913,5.5989
43.759,25.358,5.6822
43.342,25.826,5.7622
43.041,26.377,5.8366
43.024,26.993,5.8898
43.318,27.549,5.9084
43.735,28.025,5.906
44.181,28.474,5.8948
44.605,28.944,5.8824
44.917,29.491,5.8816
44.943,30.113,5.9105
44.663,30.67,5.9647
44.248,31.147,6.0255
43.805,31.594,6.0841
43.38,32.06,6.1379
43.057,32.598,6.1808
43.016,33.22,6.1975
43.282,33.787,6.1831
43.689,34.271,6.151
44.137,34.716,6.1108
44.566,35.18,6.0684
44.898,35.713,6.0318
44.955,36.331,6.0199
44.697,36.904,6.0384
44.296,37.385,6.069
43.848,37.836,6.1008
43.417,38.3,6.1263
43.076,38.832,6.1371
43,39.445,6.1179
43.252,40.022,6.0689
43.651,40.506,6.008
44.094,40.953,5.9412
44.524,41.413,5.8713
44.872,41.939,5.8015
44.973,42.546,5.7475
44.736,43.127,5.726
44.338,43.619,5.7232
43.893,44.07,5.7239
43.46,44.53,5.7179
43.107,45.055,5.6944
42.988,45.663,5.6396
43.209,46.241,5.558
43.601,46.732,5.4695
44.042,47.179,5.379
44.473,47.632,5.2857
44.831,48.141,5.1888
44.979,48.742,5.0958
44.789,49.331,5.0315
44.402,49.832,4.992
43.956,50.284,4.9599
43.516,50.739,4.9222
43.152,51.245,4.8664
42.989,51.844,4.7771
43.154,52.434,4.664
43.525,52.933,4.5506
43.957,53.381,4.4395
44.391,53.828,4.3264
44.773,54.317,4.2067
44.971,54.897,4.0806
44.849,55.5,3.9694
44.494,56.013,3.8878
44.061,56.47,3.8182
43.621,56.918,3.7459
43.225,57.405,3.658
42.995,57.973,3.5384
43.087,58.575,3.3913
43.418,59.092,3.2504
43.839,59.546,3.1187
44.274,59.986,2.9881
44.676,60.455,2.8503
47.106,9.4434,2.7128
46.676,9.8884,2.8453
46.307,10.381,2.9833
46.131,10.965,3.1284
46.277,11.558,3.2516
46.643,12.065,3.3365
47.078,12.52,3.4004
47.518,12.971,3.4578
47.907,13.465,3.523
48.112,14.046,3.6164
47.996,14.649,3.7394
47.648,15.158,3.865
47.222,15.61,3.9862
46.786,16.053,4.1051
46.388,16.532,4.2257
46.147,17.095,4.3453
46.215,17.708,4.4433
46.549,18.239,4.4991
46.978,18.703,4.5305
47.422,19.152,4.5531
47.833,19.635,4.5792
48.097,20.199,4.6287
48.045,20.813,4.7174
47.726,21.348,4.8239
47.306,21.808,4.9299
46.866,22.251,5.0335
46.455,22.721,5.1345
46.165,23.273,5.2293
46.182,23.887,5.295
46.485,24.441,5.3194
46.905,24.912,5.3176
47.351,25.361,5.3058
47.769,25.834,5.295
48.075,26.389,5.301
48.076,27.004,5.3477
47.783,27.555,5.4256
47.37,28.027,5.5104
46.928,28.471,5.594
46.508,28.938,5.6728
46.191,29.48,5.7402
46.156,30.098,5.7752
46.436,30.658,5.7666
46.849,31.138,5.7346
47.293,31.586,5.6932
47.719,32.053,5.6506
48.042,32.591,5.6199
48.099,33.212,5.6242
47.83,33.775,5.6694
47.421,34.256,5.7291
46.979,34.703,5.7894
46.55,35.166,5.8439
46.218,35.698,5.8826
46.145,36.318,5.8857
46.398,36.89,5.8467
46.803,37.372,5.787
47.245,37.82,5.7195
47.674,38.279,5.6495
48.018,38.805,5.5853
48.104,39.418,5.5501
47.869,40.001,5.557
47.471,40.487,5.5863
47.027,40.937,5.619
46.594,41.399,5.6452
46.239,41.924,5.6535
46.136,42.532,5.6228
46.361,43.114,5.5529
46.75,43.604,5.4679
47.19,44.051,5.3774
47.622,44.503,5.2844
47.982,45.016,5.192
48.122,45.617,5.1167
47.918,46.205,5.0832
47.529,46.706,5.0772
47.085,47.159,5.0784
46.648,47.615,5.0735
46.282,48.128,5.0494
46.127,48.732,4.9874
46.31,49.318,4.8901
46.688,49.815,4.7825
47.126,50.261,4.6734
47.561,50.708,4.5623
47.93,51.203,4.4491
48.115,51.793,4.3393
47.974,52.392,4.2601
47.607,52.904,4.2144
47.17,53.36,4.1799
46.73,53.812,4.1413
46.34,54.306,4.0856
46.136,54.889,3.9931
46.252,55.491,3.8673
46.6,55.999,3.7389
47.026,56.451,3.614
47.461,56.893,3.4889
47.857,57.369,3.3584
48.103,57.928,3.2215
48.035,58.537,3.0962
47.71,59.067,3.003
47.284,59.529,2.9268
46.842,59.975,2.8501
46.434,60.45,2.7593
50.291,9.4509,2.4951
50.728,9.9044,2.5594
51.099,10.409,2.6338
51.257,11.005,2.7399
51.093,11.593,2.8706
50.725,12.09,3.0013
50.295,12.536,3.1276
49.863,12.981,3.2529
49.48,13.468,3.3806
49.276,14.044,3.5066
49.395,14.651,3.6041
49.75,15.168,3.6574
50.185,15.628,3.6872
50.628,16.079,3.7099
51.027,16.571,3.7394
51.255,17.148,3.7988
51.151,17.755,3.9024
50.812,18.273,4.0221
50.387,18.727,4.1421
49.951,19.169,4.2605
49.55,19.646,4.3774
49.289,20.205,4.486
49.348,20.818,4.5583
49.674,21.359,4.5831
50.101,21.826,4.5805
50.547,22.275,4.5681
50.957,22.755,4.5593
51.235,23.321,4.5745
51.197,23.933,4.6392
50.879,24.472,4.7377
50.462,24.936,4.8422
50.022,25.378,4.946
49.61,25.847,5.045
49.316,26.401,5.1311
49.314,27.017,5.1768
49.616,27.568,5.17
50.035,28.042,5.1363
50.479,28.49,5.0925
50.9,28.96,5.0494
51.205,29.511,5.0254
51.223,30.133,5.0493
50.935,30.685,5.1193
50.521,31.158,5.2045
50.08,31.603,5.2899
49.657,32.068,5.3695
49.338,32.605,5.4315
49.302,33.228,5.4486
49.569,33.794,5.415
49.975,34.277,5.3551
50.422,34.719,5.2845
50.85,35.18,5.2131
51.181,35.711,5.1542
51.239,36.329,5.1387
50.982,36.901,5.1752
50.583,37.382,5.2335
50.137,37.831,5.2966
49.706,38.293,5.3527
49.364,38.823,5.3888
49.28,39.435,5.3789
49.529,40.012,5.3168
49.925,40.494,5.233
50.366,40.94,5.1407
50.794,41.397,5.0467
51.144,41.918,4.9592
51.259,42.524,4.9029
51.032,43.109,4.9015
50.637,43.601,4.9299
50.191,44.05,4.9647
49.757,44.509,4.9924
49.401,45.032,4.9986
49.272,45.64,4.9606
49.479,46.221,4.8751
49.867,46.713,4.7705
50.307,47.157,4.6611
50.739,47.605,4.5502
51.099,48.11,4.4416
51.256,48.709,4.3504
51.087,49.304,4.3051
50.705,49.811,4.2964
50.266,50.265,4.2974
49.826,50.721,4.2934
49.446,51.223,4.2701
49.273,51.821,4.2033
49.429,52.415,4.0945
49.794,52.917,3.9733
50.224,53.364,3.8514
50.657,53.809,3.7283
51.042,54.294,3.6033
51.257,54.869,3.483
51.141,55.478,3.3937
50.79,55.998,3.3422
50.356,56.458,3.3051
49.914,56.908,3.2652
49.515,57.397,3.208
49.277,57.966,3.1147
49.369,58.571,2.9813
49.699,59.089,2.8438
50.12,59.544,2.7116
50.555,59.984,2.581
50.958,60.453,2.4466
53.388,9.4441,2.2267
52.958,9.8896,2.3569
52.588,10.383,2.4901
52.408,10.969,2.6215
52.565,11.565,2.717
52.933,12.074,2.769
53.371,12.53,2.7982
53.812,12.983,2.8209
54.201,13.482,2.8519
54.404,14.067,2.9157
54.266,14.669,3.0249
53.914,15.177,3.1485
53.487,15.628,3.2739
53.052,16.07,3.3989
52.66,16.552,3.5236
52.421,17.117,3.639
52.508,17.73,3.7136
52.85,18.259,3.7368
53.281,18.723,3.7331
53.725,19.173,3.7201
54.131,19.659,3.7128
54.387,20.23,3.7351
54.321,20.841,3.8132
53.989,21.369,3.9261
53.57,21.828,4.0452
53.132,22.269,4.164
52.726,22.74,4.2786
52.446,23.295,4.3786
52.466,23.909,4.4317
52.782,24.458,4.4254
53.203,24.928,4.3897
53.648,25.376,4.3431
54.064,25.849,4.2989
54.358,26.408,4.2792
54.356,27.025,4.3173
54.055,27.57,4.4073
53.642,28.038,4.5126
53.202,28.48,4.6189
52.785,28.945,4.7195
52.475,29.488,4.8014
52.441,30.108,4.8333
52.724,30.666,4.8016
53.137,31.143,4.7389
53.579,31.589,4.6654
54.004,32.053,4.5919
54.326,32.59,4.5369
54.381,33.212,4.535
54.114,33.774,4.5963
53.707,34.253,4.6821
53.267,34.698,4.7711
52.84,35.159,4.8539
52.505,35.687,4.9153
52.425,36.306,4.9252
52.674,36.879,4.8709
53.075,37.361,4.7861
53.514,37.806,4.6913
53.942,38.262,4.5952
54.29,38.783,4.5107
54.394,39.394,4.4707
54.168,39.979,4.4958
53.774,40.466,4.5547
53.332,40.916,4.6202
52.898,41.373,4.6798
52.538,41.894,4.718
52.419,42.502,4.7039
52.627,43.089,4.63
53.013,43.577,4.5279
53.448,44.023,4.4175
53.879,44.473,4.3055
54.247,44.978,4.1994
54.399,45.576,4.125
54.221,46.173,4.1097
53.844,46.682,4.1342
53.402,47.135,4.1704
52.961,47.587,4.202
52.582,48.091,4.2127
52.409,48.691,4.1758
52.577,49.283,4.0828
52.943,49.787,3.9667
53.374,50.236,3.8454
53.81,50.68,3.7229
54.19,51.165,3.6033
54.403,51.748,3.4975
54.274,52.353,3.4409
53.917,52.873,3.4262
53.481,53.331,3.4266
53.036,53.781,3.4243
52.643,54.276,3.4031
52.421,54.859,3.3409
52.522,55.464,3.2307
52.865,55.976,3.1041
53.288,56.43,2.9769
53.724,56.871,2.8503
54.124,57.345,2.7224
54.377,57.904,2.5983
54.328,58.519,2.4984
54.003,59.054,2.4391
53.576,59.52,2.3976
53.132,59.969,2.3551
52.72,60.445,2.298
56.577,9.4532,1.9038
57.016,9.9092,1.9313
57.387,10.418,1.9687
57.539,11.019,2.0417
57.366,11.61,2.1521
56.995,12.106,2.2745
56.563,12.552,2.3984
56.131,12.997,2.5226
55.75,13.488,2.6466
55.556,14.07,2.7581
55.692,14.678,2.8245
56.054,15.193,2.8408
56.492,15.651,2.8328
56.934,16.104,2.8179
57.328,16.601,2.8111
57.544,17.185,2.8402
57.418,17.79,2.93
57.069,18.303,3.0493
56.644,18.755,3.1756
56.208,19.196,3.3022
55.813,19.677,3.4253
55.565,20.242,3.5301
55.643,20.854,3.5786
55.983,21.39,3.5672
56.411,21.853,3.527
56.855,22.302,3.4768
57.261,22.784,3.4321
57.524,23.357,3.4197
57.468,23.969,3.4753
57.14,24.501,3.5826
56.721,24.96,3.7029
56.284,25.401,3.8245
55.876,25.87,3.9396
55.592,26.427,4.0326
55.606,27.044,4.065
55.916,27.591,4.0281
56.336,28.06,3.9598
56.778,28.506,3.8809
57.195,28.976,3.8045
57.493,29.529,3.7548
57.502,30.151,3.7728
57.209,30.698,3.8578
56.795,31.167,3.9663
56.356,31.609,4.0773
55.936,32.072,4.1816
55.621,32.61,4.2614
55.584,33.234,4.2785
55.855,33.795,4.2241
56.265,34.27,4.1349
56.705,34.714,4.0353
57.129,35.175,3.9361
57.46,35.704,3.8559
57.522,36.322,3.8374
57.271,36.895,3.8914
56.876,37.376,3.9771
56.432,37.821,4.0717
56.001,38.279,4.159
55.654,38.804,4.2222
55.564,39.415,4.2241
55.801,39.996,4.1536
56.19,40.479,4.0509
56.628,40.923,3.9368
57.058,41.375,3.8222
57.415,41.889,3.7194
57.545,42.492,3.6629
57.332,43.081,3.6823
56.944,43.577,3.7418
56.502,44.026,3.8109
56.067,44.482,3.8739
55.702,44.998,3.9141
55.551,45.602,3.9009
55.742,46.188,3.8187
56.123,46.684,3.7046
56.558,47.128,3.5825
56.99,47.574,3.4601
57.361,48.072,3.3447
57.544,48.666,3.258
57.391,49.265,3.2354
57.017,49.778,3.2597
56.578,50.236,3.2963
56.136,50.69,3.3286
55.753,51.186,3.341
55.558,51.782,3.305
55.693,52.381,3.211
56.051,52.887,3.0903
56.479,53.337,2.965
56.913,53.78,2.8393
57.304,54.261,2.716
57.531,54.836,2.6078
57.44,55.45,2.5442
57.093,55.975,2.5276
56.66,56.437,2.5273
56.216,56.888,2.5244
55.811,57.375,2.505
55.565,57.947,2.4467
55.647,58.558,2.3378
55.975,59.081,2.2128
56.396,59.537,2.0885
56.833,59.978,1.9658
57.238,60.449,1.8432
59.667,9.4422,1.5412
59.23,9.8922,1.66
58.867,10.392,1.7778
58.696,10.986,1.8844
58.858,11.585,1.9437
59.234,12.093,1.9553
59.676,12.547,1.9438
60.119,12.999,1.9258
60.498,13.506,1.9184
60.683,14.101,1.9481
60.535,14.703,2.0357
60.172,15.205,2.1527
59.741,15.653,2.2775
59.305,16.095,2.4034
58.921,16.585,2.5255
58.703,17.162,2.6263
58.81,17.775,2.6682
59.165,18.296,2.6492
59.6,18.755,2.6025
60.044,19.203,2.5471
60.44,19.696,2.5006
60.674,20.277,2.4916
60.584,20.887,2.556
60.241,21.408,2.672
59.818,21.86,2.8015
59.379,22.298,2.9326
58.983,22.775,3.0561
58.72,23.34,3.1543
58.766,23.955,3.1839
59.095,24.495,3.1402
59.519,24.958,3.0644
59.964,25.401,2.9777
60.371,25.878,2.8978
60.65,26.444,2.8503
60.627,27.061,2.8812
60.316,27.6,2.9833
59.9,28.061,3.1084
59.459,28.497,3.2371
59.049,28.964,3.3569
58.75,29.513,3.4497
58.732,30.134,3.4727
59.023,30.687,3.414
59.436,31.159,3.3186
59.876,31.602,3.2123
60.297,32.065,3.1079
60.615,32.602,3.0294
60.658,33.226,3.025
60.389,33.787,3.1033
59.983,34.26,3.2158
59.546,34.703,3.3333
59.121,35.161,3.4442
58.786,35.687,3.529
58.714,36.305,3.544
58.959,36.88,3.4772
59.357,37.36,3.3699
59.794,37.803,3.2504
60.219,38.256,3.1313
60.57,38.772,3.0285
60.679,39.38,2.9875
60.456,39.969,3.0338
60.068,40.455,3.1232
59.628,40.902,3.2229
59.196,41.358,3.3165
58.833,41.874,3.3865
58.693,42.477,3.3958
58.897,43.065,3.3211
59.278,43.558,3.207
59.711,44.003,3.0807
60.142,44.449,2.953
60.513,44.95,2.8362
60.687,45.545,2.7626
60.522,46.144,2.7716
60.145,46.652,2.8339
59.708,47.106,2.9084
59.269,47.557,2.9781
58.886,48.057,3.0267
58.691,48.653,3.0227
58.841,49.25,2.9431
59.203,49.758,2.8249
59.632,50.207,2.6965
60.067,50.651,2.5667
60.454,51.131,2.4434
60.681,51.711,2.346
60.57,52.322,2.3168
60.223,52.849,2.34
59.791,53.31,2.3803
59.345,53.759,2.4186
58.945,54.249,2.4379
58.704,54.828,2.4141
58.794,55.439,2.3274
59.132,55.957,2.2097
59.558,56.411,2.0861
59.997,56.849,1.9629
60.396,57.328,1.8429
60.663,57.885,1.7361
60.617,58.505,1.6713
60.294,59.044,1.654
59.867,59.513,1.6546
59.421,59.963,1.6536
59.006,60.441,1.6381
